This is the link file of route1											
749	1	1
1	1	2	99.8887	1.00000	0	-0.01450283612991	0.04187896241436	1	0.2	0
2	2	3	99.7678	11.10000	0	-0.00714244197458	0.15249435478959	1	0.2	0
3	3	4	99.9395	11.10000	0	0.05688866452178	0.09759287734305	1	0.2	0
4	4	5	99.9987	11.10000	0	0.03823596813739	0.06553644715420	1	0.2	0
5	5	6	99.7614	11.10000	0	-0.01098812526977	0.25354635131959	1	0.2	0
6	6	7	99.8950	11.10000	0	-0.06847702572816	0.00501936914153	1	0.2	0
7	7	8	99.9936	11.10000	0	0.03465492664715	0.00189257152144	1	0.2	0
8	8	9	99.9987	11.10000	0	0.10934897245099	0.00176940616162	1	0.2	0
9	9	10	99.9981	11.10000	0	0.06843694058684	0.05731935158232	1	0.2	0
10	10	11	99.9656	11.10000	0	0.03473484265895	0.04511355123848	1	0.2	0
11	11	12	99.9395	11.10000	0	0.06727090619979	0.07774629616142	1	0.2	0
12	12	13	99.9568	11.10000	0	0.07047114197933	0.08861300051446	1	0.2	0
13	13	14	100.0000	11.10000	0	0.01508789062502	0.06451114286997	1	0.2	0
14	14	15	99.9318	11.10000	0	0.05491414188339	0.14616623511639	1	0.2	0
15	15	16	99.8195	11.10000	0	0.01099702067313	0.06202463910293	1	0.2	0
16	16	17	99.8029	11.10000	0	0.05265505491303	0.15750664289864	1	0.2	0
17	17	18	99.9881	11.10000	0	0.03850250410620	0.02308483906555	1	0.2	0
18	18	19	99.9990	11.10000	0	0.05807549965631	0.03768171024425	1	0.2	0
19	19	20	99.9456	11.10000	0	0.10475362267670	0.05117056725162	1	0.2	0
20	20	21	100.0000	11.10000	0	-0.02550354003911	0.00000000000904	1	0.2	0
21	21	22	100.0000	11.10000	0	0.02820739746093	0.00000000000000	1	0.2	0
22	22	23	100.0000	11.10000	0	0.10844421386713	0.00000000000000	1	0.2	0
23	23	24	100.0000	11.10000	0	-0.15131530761711	0.05537145263861	1	0.2	0
24	24	25	99.8958	11.10000	0	-0.03718777985033	0.08903157550851	1	0.2	0
25	25	26	99.9272	11.10000	0	0.02445018098583	0.01800091594585	1	0.2	0
26	26	27	99.8527	11.10000	0	0.11223810524642	0.22188971178175	1	0.2	0
27	27	28	99.8238	11.10000	0	0.03039106448282	0.17622877798379	1	0.2	0
28	28	29	99.8594	11.10000	0	0.01645685947857	0.05120439296253	1	0.2	0
29	29	30	99.8691	3.00000	0	0.07015410197658	0.30791123760290	1	0.2	0
30	30	31	99.4117	1.00000	0	0.09564325465305	0.16626345397870	1	0.2	0
31	31	32	99.9978	3.00000	0	-0.02197923860945	0.07768097434874	1	0.2	0
32	32	33	99.8007	19.40000	0	0.09112398505373	0.22701518367158	1	0.2	0
33	33	34	99.5741	19.40000	0	0.05029662023284	0.10562814227829	1	0.2	0
34	34	35	99.9991	19.40000	0	0.03298368775027	0.00623830451770	1	0.2	0
35	35	36	99.9951	19.40000	0	0.01024219670754	0.02549187142858	1	0.2	0
36	36	37	100.0000	19.40000	0	0.05609132186918	0.00195580442624	1	0.2	0
37	37	38	99.9999	19.40000	0	0.07006534732406	0.00154278341642	1	0.2	0
38	38	39	100.0000	19.40000	0	0.04082641601537	0.00000000000568	1	0.2	0
39	39	40	100.0000	19.40000	0	0.06327819824227	0.00000000000048	1	0.2	0
40	40	41	100.0000	19.40000	0	0.02940063476568	0.00000000000048	1	0.2	0
41	41	42	100.0000	19.40000	0	0.04866333007818	0.00000000000048	1	0.2	0
42	42	43	100.0000	19.40000	0	0.06001281738291	0.00000000000520	1	0.2	0
43	43	44	100.0000	19.40000	0	0.03049621582012	0.00000000000568	1	0.2	0
44	44	45	100.0000	19.40000	0	0.05595397949226	0.00000000000048	1	0.2	0
45	45	46	100.0000	19.40000	0	0.00889892578126	0.00000000000000	1	0.2	0
46	46	47	100.0000	19.40000	0	0.12307434082051	0.00000000000048	1	0.2	0
47	47	48	100.0000	19.40000	0	0.03639221191410	0.00000000000568	1	0.2	0
48	48	49	100.0000	19.40000	0	0.04375915527317	0.00108523217905	1	0.2	0
49	49	50	99.9997	19.40000	0	0.01672672758535	0.00473932976587	1	0.2	0
50	50	51	100.0000	19.40000	0	0.06828613281289	0.00000000000524	1	0.2	0
51	51	52	100.0000	19.40000	0	0.08471069335921	0.00000000000000	1	0.2	0
52	52	53	100.0000	19.40000	0	0.09246215820294	0.00000000000000	1	0.2	0
53	53	54	100.0000	19.40000	0	0.00671386718749	0.04810980164158	1	0.2	0
54	54	55	99.8821	19.40000	0	0.06771592065026	0.03812964053355	1	0.2	0
55	55	56	99.9913	19.40000	0	0.06095502762956	0.06331383008842	1	0.2	0
56	56	57	99.9562	19.40000	0	-0.01481666441342	0.10413114643626	1	0.2	0
57	57	58	99.8389	19.40000	0	-0.17255880754233	0.05804115160728	1	0.2	0
58	58	59	99.9115	19.40000	0	0.33028491663064	0.00570467381492	1	0.2	0
59	59	60	99.9157	19.40000	0	0.03520424917424	0.02629725142540	1	0.2	0
60	60	61	99.9980	19.40000	0	0.01999551943422	0.00390853766094	1	0.2	0
61	61	62	100.0000	19.40000	0	0.04239198380546	0.00036220234566	1	0.2	0
62	62	63	100.0000	19.40000	0	0.07570800781242	0.00000000000704	1	0.2	0
63	63	64	100.0000	19.40000	0	0.10654602050834	0.00000000000742	1	0.2	0
64	64	65	100.0000	19.40000	0	-0.11847839355460	0.00078894784386	1	0.2	0
65	65	66	99.9999	19.40000	0	-0.06244815513117	0.00142136108055	1	0.2	0
66	66	67	100.0000	3.00000	0	0.00009155273437	0.00211418649420	1	0.2	0
67	67	68	99.9997	1.00000	0	-0.01899725286526	0.00251599949276	1	0.2	0
68	68	69	100.0000	19.40000	0	-0.01972961425791	0.00711570609970	1	0.2	0
69	69	70	99.9961	19.40000	0	-0.00984230771428	0.01548210664118	1	0.2	0
70	70	71	99.9734	19.40000	0	0.07565796671568	0.04308939768697	1	0.2	0
71	71	72	99.8789	11.10000	0	0.28112055437857	0.05268029721800	1	0.2	0
72	72	73	99.7373	11.10000	0	-0.14808795532192	0.22488280744735	1	0.2	0
73	73	74	99.8134	11.10000	0	0.15764583888200	0.17577455967777	1	0.2	0
74	74	75	99.9096	11.10000	0	0.11258962725062	0.19067623350443	1	0.2	0
75	75	76	99.8212	11.10000	0	0.04334531647764	0.09485390442594	1	0.2	0
76	76	77	99.9726	11.10000	0	0.09507308011363	0.03401041467712	1	0.2	0
77	77	78	99.9936	11.10000	0	0.02996408206548	0.02282823304266	1	0.2	0
78	78	79	99.9342	11.10000	0	0.01202879457871	0.13055988876730	1	0.2	0
79	79	80	99.9429	11.10000	0	0.10382824089291	0.14808272253530	1	0.2	0
80	80	81	99.8590	11.10000	0	0.02010892367326	0.14743614438065	1	0.2	0
81	81	82	99.8964	11.10000	0	0.04384729522733	0.15320467054485	1	0.2	0
82	82	83	99.8455	11.10000	0	0.05736705780336	0.15405407739863	1	0.2	0
83	83	84	99.9199	11.10000	0	0.08630877468842	0.06545318854931	1	0.2	0
84	84	85	99.9860	11.10000	0	0.10329205993154	0.01911183468081	1	0.2	0
85	85	86	100.0000	11.10000	0	-0.29742751461541	0.00527817696485	1	0.2	0
86	86	87	99.9996	11.10000	0	0.45499763455568	0.00192286430367	1	0.2	0
87	87	88	99.9984	11.10000	0	0.15170839444088	0.00795178846568	1	0.2	0
88	88	89	100.0000	11.10000	0	0.03824768066405	0.02984923055900	1	0.2	0
89	89	90	99.9510	11.10000	0	0.06015826240102	0.17553074293217	1	0.2	0
90	90	91	99.8493	11.10000	0	0.04189357006506	0.12618248265793	1	0.2	0
91	91	92	99.9692	11.10000	0	0.04159607676938	0.04574452153870	1	0.2	0
92	92	93	99.9967	11.10000	0	0.04959577734624	0.00239845906242	1	0.2	0
93	93	94	100.0000	11.10000	0	0.08454589843735	0.00000000000000	1	0.2	0
94	94	95	100.0000	11.10000	0	-0.00539550781249	0.00000000000000	1	0.2	0
95	95	96	100.0000	11.10000	0	0.13303833007788	0.00000000000444	1	0.2	0
96	96	97	100.0000	11.10000	0	0.10802001953194	0.00000000000444	1	0.2	0
97	97	98	100.0000	11.10000	0	0.02478027343746	0.00000000000000	1	0.2	0
98	98	99	100.0000	11.10000	0	0.08730163574203	0.03323124027142	1	0.2	0
99	99	100	99.9784	11.10000	0	0.04504758153637	0.11915023250999	1	0.2	0
100	100	101	99.8061	11.10000	0	-0.24432143738727	0.08489207475038	1	0.2	0
101	101	102	99.9944	11.10000	0	0.09919075016639	0.06699634762695	1	0.2	0
102	102	103	99.9873	11.10000	0	0.20272957267422	0.00553639022235	1	0.2	0
103	103	104	99.9400	1.00000	0	0.02800141077104	0.08639319358039	1	0.2	0
104	104	105	99.9998	11.10000	0	0.01689456258240	0.00220782035527	1	0.2	0
105	105	106	99.9999	11.10000	0	-0.28917876478064	0.01473255279015	1	0.2	0
106	106	107	99.9945	11.10000	0	0.26610966872137	0.00304308644488	1	0.2	0
107	107	108	99.9977	11.10000	0	0.02639830810832	0.00892456956417	1	0.2	0
108	108	109	100.0000	11.10000	0	0.01568908691403	0.00516497338942	1	0.2	0
109	109	110	99.9988	11.10000	0	-0.01666280252204	0.00236457578280	1	0.2	0
110	110	111	99.9985	11.10000	0	0.00423285049443	0.00477453804484	1	0.2	0
111	111	112	99.9825	11.10000	0	0.00046089584812	0.13604211068136	1	0.2	0
112	112	113	99.8390	11.10000	0	-0.00572210262851	0.19079387190866	1	0.2	0
113	113	114	99.9248	11.10000	0	0.05365666258086	0.04740670767156	1	0.2	0
114	114	115	99.9721	11.10000	0	0.06582647134483	0.14815212320089	1	0.2	0
115	115	116	99.8302	11.10000	0	0.09792934374481	0.13292775012945	1	0.2	0
116	116	117	99.9909	11.10000	0	0.09058135080310	0.22391478567979	1	0.2	0
117	117	118	98.7427	11.10000	0	-0.01462170951560	0.36449569966046	1	0.2	0
118	118	119	99.9140	11.10000	0	-0.00003665262027	0.02409437701981	1	0.2	0
119	119	120	100.0000	11.10000	0	0.05261535644519	0.00887616164892	1	0.2	0
120	120	121	99.9962	11.10000	0	0.04812805185853	0.03640465944934	1	0.2	0
121	121	122	99.9327	11.10000	0	0.02082699727464	0.09652044913485	1	0.2	0
122	122	123	99.9789	11.10000	0	0.01477666930304	0.00235614603188	1	0.2	0
123	123	124	99.8839	11.10000	0	-0.05218459498198	0.03583498773879	1	0.2	0
124	124	125	99.9966	11.10000	0	-0.01470387020741	0.02609770090775	1	0.2	0
125	125	126	99.9286	11.10000	0	-0.00564367653948	0.21983684254562	1	0.2	0
126	126	127	99.5574	11.10000	0	0.02503756798585	0.26859503168926	1	0.2	0
127	127	128	99.9110	11.10000	0	0.02820197413965	0.01523209459731	1	0.2	0
128	128	129	99.8718	11.10000	0	0.11323719670962	0.05460337094224	1	0.2	0
129	129	130	100.0000	11.10000	0	0.04901123046848	0.00991560444654	1	0.2	0
130	130	131	99.9998	11.10000	0	0.08165907222625	0.00033760195572	1	0.2	0
131	131	132	100.0000	11.10000	0	0.13822326660177	0.00000000000090	1	0.2	0
132	132	133	100.0000	11.10000	0	0.15350036621127	0.00281372781805	1	0.2	0
133	133	134	99.9985	11.10000	0	0.03523306668743	0.00438396993592	1	0.2	0
134	134	135	99.9540	11.10000	0	0.04186803062092	0.00246548269478	1	0.2	0
135	135	136	100.0000	11.10000	0	0.06163024902327	0.00000000000681	1	0.2	0
136	136	137	100.0000	11.10000	0	0.19714050293042	0.00000000000681	1	0.2	0
137	137	138	100.0000	11.10000	0	0.12598876953089	0.00000000000000	1	0.2	0
138	138	139	100.0000	11.10000	0	0.05939636230453	0.00000000000591	1	0.2	0
139	139	140	100.0000	11.10000	0	0.12277526855523	0.00000000000591	1	0.2	0
140	140	141	100.0000	11.10000	0	0.09284057617162	0.00000000000591	1	0.2	0
141	141	142	100.0000	11.10000	0	0.03515319824234	0.00341758921141	1	0.2	0
142	142	143	99.9985	11.10000	0	0.11255964375400	0.00030754665074	1	0.2	0
143	143	144	100.0000	11.10000	0	0.11593627929693	0.04858594875289	1	0.2	0
144	144	145	99.9027	11.10000	0	-0.00441408668574	0.15447197358234	1	0.2	0
145	145	146	99.9000	11.10000	0	-0.15128040099717	0.10265449445793	1	0.2	0
146	146	147	100.0000	11.10000	0	0.20448001673262	0.01246770483699	1	0.2	0
147	147	148	99.9984	11.10000	0	0.18254376040166	0.00134515160104	1	0.2	0
148	148	149	99.9999	11.10000	0	0.18242807481406	0.00119643001086	1	0.2	0
149	149	150	100.0000	11.10000	0	0.03177796027356	0.02255786630398	1	0.2	0
150	150	151	99.9491	11.10000	0	0.01263460335840	0.17410678615176	1	0.2	0
151	151	152	99.8532	11.10000	0	0.13482017981091	0.12330802596972	1	0.2	0
152	152	153	99.8755	11.10000	0	0.06882344410909	0.18435247589480	1	0.2	0
153	153	154	99.9088	11.10000	0	-0.03211851324845	0.17921342685569	1	0.2	0
154	154	155	99.8812	11.10000	0	0.07234244038202	0.15400300948567	1	0.2	0
155	155	156	99.9002	11.10000	0	0.14254342378225	0.10375066915382	1	0.2	0
156	156	157	99.9778	11.10000	0	0.10327305346078	0.00833178428092	1	0.2	0
157	157	158	99.9593	11.10000	0	0.13133096887178	0.09562504971960	1	0.2	0
158	158	159	99.9251	11.10000	0	0.18987295872176	0.18244121115918	1	0.2	0
159	159	160	99.9256	11.10000	0	0.20128185244356	0.15651222867057	1	0.2	0
160	160	161	99.9250	11.10000	0	-0.07423169261636	0.15167371930087	1	0.2	0
161	161	162	99.8870	11.10000	0	-0.04326482054737	0.17224711802309	1	0.2	0
162	162	163	99.8325	11.10000	0	0.04681609794226	0.16949488598771	1	0.2	0
163	163	164	99.8710	11.10000	0	-0.02484893945470	0.14575738339283	1	0.2	0
164	164	165	99.8152	11.10000	0	0.02460602569759	0.18708454847824	1	0.2	0
165	165	166	99.8783	11.10000	0	0.10490365211549	0.12367098407645	1	0.2	0
166	166	167	99.9802	11.10000	0	0.09938487982827	0.00751423592721	1	0.2	0
167	167	168	100.0000	11.10000	0	0.11069946289099	0.00344196652691	1	0.2	0
168	168	169	99.9992	11.10000	0	0.21822075945232	0.01459299040831	1	0.2	0
169	169	170	99.9998	11.10000	0	0.11145958813578	0.00043088408743	1	0.2	0
170	170	171	100.0000	11.10000	0	0.01423034667970	0.05497792807067	1	0.2	0
171	171	172	99.8796	11.10000	0	-0.01060236225823	0.25816332632753	1	0.2	0
172	172	173	99.5561	11.10000	0	0.10489067644900	0.34794297371817	1	0.2	0
173	173	174	99.4415	11.10000	0	0.08113243407820	0.33300005261117	1	0.2	0
174	174	175	99.5784	11.10000	0	0.13787986071021	0.20023058757606	1	0.2	0
175	175	176	99.9810	11.10000	0	0.12054901344515	0.01531007522125	1	0.2	0
176	176	177	99.9969	11.10000	0	0.07853334602501	0.00608227708120	1	0.2	0
177	177	178	100.0000	11.10000	0	0.11657104492197	0.00000000000918	1	0.2	0
178	178	179	100.0000	11.10000	0	0.07059631347651	0.00000000000918	1	0.2	0
179	179	180	100.0000	11.10000	0	-0.00068664550781	0.00000000000918	1	0.2	0
180	180	181	100.0000	11.10000	0	0.09132385253899	0.01605440235090	1	0.2	0
181	181	182	99.9842	11.10000	0	0.22768797790302	0.05998900121389	1	0.2	0
182	182	183	99.9440	11.10000	0	0.03895308066775	0.15697495307957	1	0.2	0
183	183	184	99.8220	11.10000	0	-0.00403856184441	0.17391889594000	1	0.2	0
184	184	185	99.8462	11.10000	0	0.09838129019158	0.16575836877826	1	0.2	0
185	185	186	99.8586	11.10000	0	0.02813120487123	0.04803989904926	1	0.2	0
186	186	187	100.0000	11.10000	0	0.03267517089838	0.00000000000048	1	0.2	0
187	187	188	100.0000	11.10000	0	0.17740783691387	0.00000000000850	1	0.2	0
188	188	189	100.0000	11.10000	0	-0.00104675292968	0.00006256895148	1	0.2	0
189	189	190	100.0000	11.10000	0	0.17486880040283	0.00475060297281	1	0.2	0
190	190	191	100.0000	11.10000	0	0.15059204101578	0.00719944874192	1	0.2	0
191	191	192	99.9933	11.10000	0	0.09343891544645	0.04496067951709	1	0.2	0
192	192	193	99.8620	11.10000	0	0.06327701058033	0.01199636016656	1	0.2	0
193	193	194	99.7685	11.10000	0	0.06306716151384	0.03682979515104	1	0.2	0
194	194	195	100.0000	11.10000	0	0.02516479492195	0.00000000000798	1	0.2	0
195	195	196	100.0000	11.10000	0	-0.07028808593735	0.05023349259967	1	0.2	0
196	196	197	99.8200	11.10000	0	-0.04690449347303	0.21893243299140	1	0.2	0
197	197	198	99.4636	11.10000	0	-0.02308526580936	0.24548017966468	1	0.2	0
198	198	199	99.6509	11.10000	0	-0.02089815690083	0.08158512113267	1	0.2	0
199	199	200	99.8200	11.10000	0	-0.15245945718655	0.05645578950075	1	0.2	0
200	200	201	99.7410	11.10000	0	-0.12974275216048	0.02355294407428	1	0.2	0
201	201	202	99.9818	11.10000	0	-0.09126717692686	0.13581132572554	1	0.2	0
202	202	203	99.8981	11.10000	0	-0.09174994426471	0.12623395849680	1	0.2	0
203	203	204	99.8616	11.10000	0	-0.06806602546723	0.18581901407245	1	0.2	0
204	204	205	99.7910	1.00000	0	-0.15717666179350	0.18084106916261	1	0.2	0
205	205	206	99.9638	16.60000	0	0.01928798342473	0.16071225086956	1	0.2	0
206	206	207	99.8845	16.60000	0	-0.08789447126449	0.16784700127051	1	0.2	0
207	207	208	99.8775	16.60000	0	0.11798512309830	0.16634940583889	1	0.2	0
208	208	209	99.9059	16.60000	0	0.02205445610164	0.15324878660624	1	0.2	0
209	209	210	99.8741	16.60000	0	0.16477659734609	0.16677947442416	1	0.2	0
210	210	211	99.8541	16.60000	0	0.10821455134948	0.00308502953351	1	0.2	0
211	211	212	99.8303	16.60000	0	0.16797916743874	0.06281465794939	1	0.2	0
212	212	213	100.0000	16.60000	0	0.06782836914067	0.03794149854378	1	0.2	0
213	213	214	99.9296	16.60000	0	0.11248759059660	0.15938681179702	1	0.2	0
214	214	215	99.8552	16.60000	0	0.00775048272534	0.16483088214987	1	0.2	0
215	215	216	99.7647	16.60000	0	0.14377088903949	0.17257268217537	1	0.2	0
216	216	217	99.8542	16.60000	0	0.18630682181645	0.16059976585457	1	0.2	0
217	217	218	99.9070	16.60000	0	-0.01835814304799	0.15922912172407	1	0.2	0
218	218	219	99.9260	16.60000	0	-0.02869555264786	0.03374889188367	1	0.2	0
219	219	220	99.9997	16.60000	0	0.05682389322083	0.04344131462835	1	0.2	0
220	220	221	99.8895	16.60000	0	0.03037412793989	0.02981317404446	1	0.2	0
221	221	222	99.9907	16.60000	0	0.00255761005947	0.00434621321942	1	0.2	0
222	222	223	100.0000	16.60000	0	0.07281494140614	0.00051429834780	1	0.2	0
223	223	224	99.9999	16.60000	0	-0.03349611403709	0.03738642527676	1	0.2	0
224	224	225	99.9582	16.60000	0	0.05937541051725	0.07037474201498	1	0.2	0
225	225	226	99.9696	16.60000	0	0.01390193602124	0.04996382304049	1	0.2	0
226	226	227	99.9969	16.60000	0	0.08355975464644	0.00371500044556	1	0.2	0
227	227	228	100.0000	16.60000	0	0.04155273437513	0.00000000000789	1	0.2	0
228	228	229	100.0000	16.60000	0	-0.03896484374993	0.00000000000000	1	0.2	0
229	229	230	100.0000	16.60000	0	0.05607910156239	0.05562225384605	1	0.2	0
230	230	231	99.8216	16.60000	0	0.05776296510463	0.03326126186519	1	0.2	0
231	231	232	100.0000	16.60000	0	0.08245849609404	0.00766717588505	1	0.2	0
232	232	233	99.9959	16.60000	0	0.01678534799236	0.01056830645108	1	0.2	0
233	233	234	100.0000	16.60000	0	0.07572631835967	0.01235595479561	1	0.2	0
234	234	235	99.9958	16.60000	0	0.07203062886983	0.00683386826819	1	0.2	0
235	235	236	100.0000	16.60000	0	0.12603149414051	0.00847364617943	1	0.2	0
236	236	237	99.9995	16.60000	0	0.04698508422417	0.00183753479881	1	0.2	0
237	237	238	99.9997	16.60000	0	0.00737307326170	0.00398607864465	1	0.2	0
238	238	239	100.0000	16.60000	0	0.01948852539059	0.00007994336221	1	0.2	0
239	239	240	100.0000	16.60000	0	0.08438721011289	0.00091355688973	1	0.2	0
240	240	241	100.0000	16.60000	0	0.05575561523437	0.00000000000063	1	0.2	0
241	241	242	100.0000	1.00000	0	0.08352661132820	0.00000000000063	1	0.2	0
242	242	243	100.0000	22.20000	0	0.06660766601562	0.00000000000063	1	0.2	0
243	243	244	100.0000	22.20000	0	0.08899536132821	0.00000000000785	1	0.2	0
244	244	245	100.0000	22.20000	0	0.08808593749964	0.00072267293849	1	0.2	0
245	245	246	100.0000	22.20000	0	0.04599610010977	0.00038264271508	1	0.2	0
246	246	247	100.0000	22.20000	0	0.05039062499998	0.00000000000847	1	0.2	0
247	247	248	100.0000	22.20000	0	0.07449340820279	0.00000000000847	1	0.2	0
248	248	249	100.0000	22.20000	0	0.02407836914062	0.00000000000063	1	0.2	0
249	249	250	100.0000	22.20000	0	0.09383544921880	0.00000000000063	1	0.2	0
250	250	251	100.0000	22.20000	0	0.12128295898432	0.00046887682240	1	0.2	0
251	251	252	100.0000	22.20000	0	0.07253419292978	0.00077873265390	1	0.2	0
252	252	253	100.0000	22.20000	0	0.00891113281253	0.00000000000847	1	0.2	0
253	253	254	100.0000	22.20000	0	0.04093627929683	0.00229067833589	1	0.2	0
254	254	255	100.0000	22.20000	0	0.04946289406040	0.00250935926685	1	0.2	0
255	255	256	99.9984	22.20000	0	0.10195470647951	0.01207132052986	1	0.2	0
256	256	257	100.0000	22.20000	0	0.02440185546880	0.00000000000064	1	0.2	0
257	257	258	100.0000	22.20000	0	0.05052490234380	0.00000000000064	1	0.2	0
258	258	259	100.0000	22.20000	0	-0.02185058593754	0.00298123896518	1	0.2	0
259	259	260	99.9988	22.20000	0	0.05366888042800	0.00834430433434	1	0.2	0
260	260	261	100.0000	22.20000	0	0.00217285156249	0.00006649314744	1	0.2	0
261	261	262	100.0000	22.20000	0	0.08665771485732	0.00567344988376	1	0.2	0
262	262	263	99.9966	22.20000	0	0.05982866992474	0.00190403098426	1	0.2	0
263	263	264	100.0000	22.20000	0	0.04472656249988	0.00000000000850	1	0.2	0
264	264	265	100.0000	22.20000	0	-0.01952514648440	0.00146605436258	1	0.2	0
265	265	266	99.9999	22.20000	0	0.01202394016307	0.00013269567353	1	0.2	0
266	266	267	99.9979	22.20000	0	0.04527073466385	0.03942658983464	1	0.2	0
267	267	268	99.9883	22.20000	0	0.05468169128476	0.02549387730161	1	0.2	0
268	268	269	99.9992	22.20000	0	-0.03859285340168	0.00371827442696	1	0.2	0
269	269	270	100.0000	22.20000	0	-0.04677734374999	0.00000000000000	1	0.2	0
270	270	271	100.0000	22.20000	0	0.01353759765625	0.00000000000055	1	0.2	0
271	271	272	100.0000	22.20000	0	0.06221923828130	0.00000000000055	1	0.2	0
272	272	273	100.0000	22.20000	0	0.03805541992186	0.00000000000000	1	0.2	0
273	273	274	100.0000	22.20000	0	0.03084106445312	0.00015676368827	1	0.2	0
274	274	275	100.0000	22.20000	0	0.02039185114927	0.00340738206395	1	0.2	0
275	275	276	100.0000	22.20000	0	0.01436767578124	0.00000000000056	1	0.2	0
276	276	277	100.0000	22.20000	0	0.04270019531253	0.00000000000056	1	0.2	0
277	277	278	100.0000	22.20000	0	-0.00011596679687	0.00000000000056	1	0.2	0
278	278	279	100.0000	22.20000	0	0.05222167968753	0.00000000000056	1	0.2	0
279	279	280	100.0000	22.20000	0	0.00700073242187	0.00000000000056	1	0.2	0
280	280	281	100.0000	22.20000	0	0.01967163085939	0.00000000000056	1	0.2	0
281	281	282	100.0000	22.20000	0	0.01898803710937	0.00000000000056	1	0.2	0
282	282	283	100.0000	22.20000	0	-0.06112670898441	0.00000000000056	1	0.2	0
283	283	284	100.0000	22.20000	0	-0.03118286132811	0.00000000000000	1	0.2	0
284	284	285	100.0000	22.20000	0	-0.04321899414061	0.00000000000056	1	0.2	0
285	285	286	100.0000	22.20000	0	-0.01768188476564	0.00000000000056	1	0.2	0
286	286	287	100.0000	22.20000	0	-0.03671874999998	0.00000000000056	1	0.2	0
287	287	288	100.0000	22.20000	0	0.02016601562501	0.00000000000056	1	0.2	0
288	288	289	100.0000	22.20000	0	0.14012451171869	0.00000000000056	1	0.2	0
289	289	290	100.0000	22.20000	0	0.11274414062507	0.00000000000056	1	0.2	0
290	290	291	100.0000	22.20000	0	0.02243041992187	0.00090479356909	1	0.2	0
291	291	292	99.9999	22.20000	0	0.08988656573376	0.00084556079605	1	0.2	0
292	292	293	100.0000	22.20000	0	-0.11203613281239	0.00000000000000	1	0.2	0
293	293	294	100.0000	22.20000	0	0.04686889648433	0.00000000000056	1	0.2	0
294	294	295	100.0000	22.20000	0	0.02480468750000	0.00000000000056	1	0.2	0
295	295	296	100.0000	22.20000	0	0.03513183593747	0.00062668740618	1	0.2	0
296	296	297	100.0000	22.20000	0	0.02669067924728	0.00035382669913	1	0.2	0
297	297	298	100.0000	22.20000	0	-0.04280396184090	0.00031543612189	1	0.2	0
298	298	299	100.0000	22.20000	0	-0.03190307617195	0.00000000000817	1	0.2	0
299	299	300	100.0000	22.20000	0	-0.01098022460935	0.00000000000817	1	0.2	0
300	300	301	100.0000	22.20000	0	0.04000854492197	0.00000000000817	1	0.2	0
301	301	302	100.0000	22.20000	0	0.01994018554683	0.00000000000761	1	0.2	0
302	302	303	100.0000	22.20000	0	0.03659667968762	0.00000000000761	1	0.2	0
303	303	304	100.0000	22.20000	0	-0.00637817382811	0.00000000000817	1	0.2	0
304	304	305	100.0000	22.20000	0	-0.11160278320339	0.00157605514707	1	0.2	0
305	305	306	99.9986	22.20000	0	0.07319441007152	0.00232043621636	1	0.2	0
306	306	307	100.0000	22.20000	0	-0.09262084960922	0.00000000000760	1	0.2	0
307	307	308	100.0000	22.20000	0	0.09323730468786	0.00000000000760	1	0.2	0
308	308	309	100.0000	22.20000	0	0.06632080078114	0.00000000000000	1	0.2	0
309	309	310	100.0000	22.20000	0	0.05706787109366	0.00000816532420	1	0.2	0
310	310	311	100.0000	22.20000	0	0.08759765625589	0.00373883375279	1	0.2	0
311	311	312	99.9994	22.20000	0	-0.00885625247591	0.00308512556740	1	0.2	0
312	312	313	100.0000	22.20000	0	0.03691406250006	0.00703951984804	1	0.2	0
313	313	314	99.9996	22.20000	0	0.02534800615368	0.00425722068168	1	0.2	0
314	314	315	99.9993	22.20000	0	0.06250042248577	0.00248400177602	1	0.2	0
315	315	316	100.0000	22.20000	0	0.02603149414067	0.00219779840135	1	0.2	0
316	316	317	99.9973	22.20000	0	0.07932342453253	0.04679690984672	1	0.2	0
317	317	318	99.9768	22.20000	0	0.01110487599707	0.03746107791878	1	0.2	0
318	318	319	100.0000	22.20000	0	-0.05202636719605	0.00004893279242	1	0.2	0
319	319	320	100.0000	22.20000	0	0.04008178710940	0.00000000000000	1	0.2	0
320	320	321	100.0000	22.20000	0	0.08961181640632	0.00003631369189	1	0.2	0
321	321	322	100.0000	22.20000	0	0.06539307559676	0.00772434856337	1	0.2	0
322	322	323	100.0000	22.20000	0	0.04951782560303	0.00705893598004	1	0.2	0
323	323	324	100.0000	22.20000	0	-0.00349121123939	0.00224942687805	1	0.2	0
324	324	325	99.9997	22.20000	0	0.13712803262620	0.00634635536645	1	0.2	0
325	325	326	99.9984	22.20000	0	0.11042047713522	0.04583018099152	1	0.2	0
326	326	327	99.9564	22.20000	0	0.00149601388938	0.10531705723860	1	0.2	0
327	327	328	99.9525	22.20000	0	0.02164725261501	0.09286068327635	1	0.2	0
328	328	329	99.9486	22.20000	0	0.09967279459298	0.02070810149179	1	0.2	0
329	329	330	99.9878	22.20000	0	-0.00402881004119	0.00429369434801	1	0.2	0
330	330	331	100.0000	22.20000	0	0.07694091796864	0.00000000000072	1	0.2	0
331	331	332	100.0000	22.20000	0	-0.01683349609371	0.00000000000660	1	0.2	0
332	332	333	100.0000	22.20000	0	0.04271240234393	0.00000000000660	1	0.2	0
333	333	334	100.0000	22.20000	0	0.02448120117182	0.00000000000072	1	0.2	0
334	334	335	100.0000	1.00000	0	0.02478637695309	0.00000000000732	1	0.2	0
335	335	336	100.0000	22.20000	0	0.08854980468788	0.00000000000660	1	0.2	0
336	336	337	100.0000	22.20000	0	0.06901855468734	0.00000000000072	1	0.2	0
337	337	338	100.0000	22.20000	0	0.01585693359373	0.00124959895621	1	0.2	0
338	338	339	100.0000	22.20000	0	0.04267579015043	0.00033380520511	1	0.2	0
339	339	340	100.0000	22.20000	0	0.06856079101599	0.00000000000731	1	0.2	0
340	340	341	100.0000	22.20000	0	0.11345214843745	0.00000000000072	1	0.2	0
341	341	342	100.0000	22.20000	0	0.07263183593753	0.00000000000072	1	0.2	0
342	342	343	100.0000	22.20000	0	0.04898681640623	0.00000000000000	1	0.2	0
343	343	344	100.0000	22.20000	0	0.07684326171872	0.00000000000000	1	0.2	0
344	344	345	100.0000	22.20000	0	0.05188598632810	0.00000000000072	1	0.2	0
345	345	346	100.0000	22.20000	0	0.02059326171876	0.00000000000072	1	0.2	0
346	346	347	100.0000	22.20000	0	0.05449829101560	0.04412061981757	1	0.2	0
347	347	348	99.7487	22.20000	0	0.06880691842740	0.07383996164807	1	0.2	0
348	348	349	99.9842	22.20000	0	0.02321534798281	0.01458975463667	1	0.2	0
349	349	350	99.9876	22.20000	0	0.01924067226999	0.00968972254654	1	0.2	0
350	350	351	100.0000	22.20000	0	0.03970947265625	0.00014456653671	1	0.2	0
351	351	352	100.0000	22.20000	0	0.06203004013706	0.00241764418852	1	0.2	0
352	352	353	100.0000	22.20000	0	0.00144042968750	0.00000000000000	1	0.2	0
353	353	354	100.0000	22.20000	0	0.03712768554681	0.00000000000000	1	0.2	0
354	354	355	100.0000	22.20000	0	0.06732788085926	0.00000000000663	1	0.2	0
355	355	356	100.0000	22.20000	0	0.02442016601574	0.00000000000663	1	0.2	0
356	356	357	100.0000	22.20000	0	0.06193237304677	0.00000000000000	1	0.2	0
357	357	358	100.0000	22.20000	0	0.02279052734371	0.00000000000000	1	0.2	0
358	358	359	100.0000	22.20000	0	0.02229614257809	0.00441226129393	1	0.2	0
359	359	360	99.9991	22.20000	0	0.09900603582985	0.00416117528928	1	0.2	0
360	360	361	100.0000	22.20000	0	0.15332641601583	0.01819223866094	1	0.2	0
361	361	362	99.9931	22.20000	0	0.06273626090615	0.00758345846356	1	0.2	0
362	362	363	100.0000	22.20000	0	-0.00029907226563	0.00000000000000	1	0.2	0
363	363	364	100.0000	22.20000	0	0.02236938476563	0.00000000000000	1	0.2	0
364	364	365	100.0000	22.20000	0	0.03999633789063	0.00000000000085	1	0.2	0
365	365	366	100.0000	22.20000	0	-0.00684814453126	0.00001402043484	1	0.2	0
366	366	367	100.0000	22.20000	0	0.07528076177566	0.00139619190571	1	0.2	0
367	367	368	99.9999	22.20000	0	0.01659547144205	0.00116582537804	1	0.2	0
368	368	369	100.0000	22.20000	0	0.11610717773409	0.00715474922293	1	0.2	0
369	369	370	99.9939	22.20000	0	0.13941283321967	0.10541232107051	1	0.2	0
370	370	371	99.8737	22.20000	0	0.07021806565773	0.14509194292248	1	0.2	0
371	371	372	99.7252	22.20000	0	0.05098849555413	0.22067856971756	1	0.2	0
372	372	373	99.9713	22.20000	0	0.02508654966682	0.01930603112978	1	0.2	0
373	373	374	100.0000	22.20000	0	0.04324951171874	0.00000000000000	1	0.2	0
374	374	375	100.0000	22.20000	0	0.08994750976560	0.00000000000036	1	0.2	0
375	375	376	100.0000	22.20000	0	0.00520019531250	0.00000000000036	1	0.2	0
376	376	377	100.0000	22.20000	0	0.01582641601562	0.00000000000000	1	0.2	0
377	377	378	100.0000	22.20000	0	-0.03166503906249	0.01446129709150	1	0.2	0
378	378	379	99.9742	22.20000	0	0.04158177015051	0.12114415143582	1	0.2	0
379	379	380	99.8848	22.20000	0	0.03167710357897	0.17684392947755	1	0.2	0
380	380	381	99.8681	22.20000	0	0.01633625224379	0.15677156451039	1	0.2	0
381	381	382	99.8733	22.20000	0	0.05068067809732	0.06460777899480	1	0.2	0
382	382	383	99.9993	22.20000	0	0.01849378759768	0.13496469392950	1	0.2	0
383	383	384	99.7314	22.20000	0	0.10343338158582	0.02338129432333	1	0.2	0
384	384	385	99.5624	22.20000	0	0.09172834170461	0.09851321815231	1	0.2	0
385	385	386	100.0000	22.20000	0	0.03771972656248	0.00000000000000	1	0.2	0
386	386	387	100.0000	22.20000	0	-0.00629882812500	0.00000000000089	1	0.2	0
387	387	388	100.0000	22.20000	0	0.04061889648432	0.00000000000089	1	0.2	0
388	388	389	100.0000	22.20000	0	0.12390136718743	0.03018296156078	1	0.2	0
389	389	390	99.8533	22.20000	0	0.03418712882024	0.01399596915152	1	0.2	0
390	390	391	99.9165	22.20000	0	0.02287675711039	0.04187085198325	1	0.2	0
391	391	392	99.7604	22.20000	0	0.09971405524725	0.15237389745172	1	0.2	0
392	392	393	99.9931	1.00000	0	0.00903383079307	0.03043297012161	1	0.2	0
393	393	394	99.8749	16.60000	0	0.04284536650301	0.18611271668320	1	0.2	0
394	394	395	99.5945	16.60000	0	0.01245896745773	0.07752161708343	1	0.2	0
395	395	396	100.0000	16.60000	0	0.07056886237198	0.11940695042571	1	0.2	0
396	396	397	99.9517	16.60000	0	0.05315064628228	0.05385351183320	1	0.2	0
397	397	398	99.9809	16.60000	0	0.08128382361285	0.05763194971347	1	0.2	0
398	398	399	99.9976	16.60000	0	0.10517221374536	0.01564372194620	1	0.2	0
399	399	400	99.9982	16.60000	0	0.09301317116917	0.00233728010024	1	0.2	0
400	400	401	99.9973	16.60000	0	0.02108212145676	0.00198906009004	1	0.2	0
401	401	402	99.9981	16.60000	0	0.09017506754965	0.00876375479418	1	0.2	0
402	402	403	99.9460	16.60000	0	0.07708021583959	0.08224115029882	1	0.2	0
403	403	404	99.9460	16.60000	0	0.02954476669192	0.09304366009939	1	0.2	0
404	404	405	100.0000	16.60000	0	0.12864990234432	0.00027427728095	1	0.2	0
405	405	406	100.0000	16.60000	0	-0.01350708019738	0.00147340948255	1	0.2	0
406	406	407	99.9943	16.60000	0	0.07193401931113	0.01644524385641	1	0.2	0
407	407	408	99.9231	16.60000	0	0.03945903792912	0.20391311105569	1	0.2	0
408	408	409	99.7223	16.60000	0	0.04202345399732	0.17636331869172	1	0.2	0
409	409	410	99.7810	16.60000	0	0.05289292950036	0.05009365997015	1	0.2	0
410	410	411	100.0000	16.60000	0	0.09088745117190	0.00970689622225	1	0.2	0
411	411	412	99.9947	16.60000	0	0.05773619217130	0.01084161743473	1	0.2	0
412	412	413	100.0000	16.60000	0	0.04931030273420	0.03253078516951	1	0.2	0
413	413	414	99.8105	16.60000	0	0.03351688939383	0.24715432058887	1	0.2	0
414	414	415	99.7818	16.60000	0	0.07600810012977	0.06289899332709	1	0.2	0
415	415	416	100.0000	16.60000	0	0.06533813476548	0.00000000000095	1	0.2	0
416	416	417	100.0000	16.60000	0	0.10195922851533	0.00000000000443	1	0.2	0
417	417	418	100.0000	16.60000	0	-0.02991943359391	0.00640634861528	1	0.2	0
418	418	419	99.9914	16.60000	0	0.04001198749106	0.01035665342699	1	0.2	0
419	419	420	100.0000	16.60000	0	0.04321289062491	0.00000000000000	1	0.2	0
420	420	421	100.0000	16.60000	0	0.05925292968737	0.00011261453712	1	0.2	0
421	421	422	100.0000	16.60000	0	0.03352051007749	0.00119996959136	1	0.2	0
422	422	423	100.0000	16.60000	0	0.01160888671873	0.00109521544809	1	0.2	0
423	423	424	99.9999	16.60000	0	0.05686038924262	0.00121013442220	1	0.2	0
424	424	425	100.0000	16.60000	0	0.13900756835932	0.05132442186711	1	0.2	0
425	425	426	99.8999	16.60000	0	-0.27895358538309	0.03292660330812	1	0.2	0
426	426	427	99.9329	16.60000	0	0.25601898028335	0.01515133847372	1	0.2	0
427	427	428	100.0000	16.60000	0	0.07926025390597	0.00000000000538	1	0.2	0
428	428	429	100.0000	16.60000	0	0.04285278320330	0.00000000000633	1	0.2	0
429	429	430	100.0000	16.60000	0	0.06976318359355	0.00000000000633	1	0.2	0
430	430	431	100.0000	16.60000	0	0.08002929687532	0.00000000000538	1	0.2	0
431	431	432	100.0000	16.60000	0	0.07529907226536	0.00000000000538	1	0.2	0
432	432	433	100.0000	16.60000	0	0.03839721679703	0.00000000000538	1	0.2	0
433	433	434	100.0000	16.60000	0	0.04064941406235	0.00000000000000	1	0.2	0
434	434	435	100.0000	22.20000	0	0.02180175781242	0.00000000000538	1	0.2	0
435	435	436	100.0000	1.00000	0	0.06585083007839	0.00000000000633	1	0.2	0
436	436	437	100.0000	22.20000	0	-0.07422485351541	0.00000000000633	1	0.2	0
437	437	438	100.0000	22.20000	0	-0.03665771484390	0.00000000000538	1	0.2	0
438	438	439	100.0000	22.20000	0	-0.13904418945263	0.00000000000538	1	0.2	0
439	439	440	100.0000	22.20000	0	0.15732421875063	0.00000000000538	1	0.2	0
440	440	441	100.0000	22.20000	0	0.25139770507723	0.00252368244600	1	0.2	0
441	441	442	99.9963	22.20000	0	0.10396504656760	0.02764132003689	1	0.2	0
442	442	443	99.9999	22.20000	0	0.01704714145096	0.03802780399448	1	0.2	0
443	443	444	99.9531	22.20000	0	-0.34700097761999	0.02364466741613	1	0.2	0
444	444	445	99.9948	22.20000	0	0.33252461426050	0.13221738748063	1	0.2	0
445	445	446	99.7997	22.20000	0	0.18456772990386	0.19669910309961	1	0.2	0
446	446	447	99.9309	22.20000	0	0.08676042652893	0.06718962366093	1	0.2	0
447	447	448	99.9952	22.20000	0	0.03210603998284	0.05210522734432	1	0.2	0
448	448	449	99.9922	22.20000	0	0.05679764309338	0.07552960151337	1	0.2	0
449	449	450	99.9456	22.20000	0	0.07181028698302	0.07590612079710	1	0.2	0
450	450	451	99.9820	22.20000	0	0.07752863804933	0.05936244135509	1	0.2	0
451	451	452	99.9728	22.20000	0	0.07098491841044	0.06280486105938	1	0.2	0
452	452	453	99.9978	22.20000	0	0.06425310947888	0.01973418402853	1	0.2	0
453	453	454	99.9953	22.20000	0	0.07409409202953	0.00816092255227	1	0.2	0
454	454	455	100.0000	22.20000	0	0.09931030273484	0.00000000000434	1	0.2	0
455	455	456	100.0000	22.20000	0	0.08043212890596	0.00201051165924	1	0.2	0
456	456	457	99.9993	22.20000	0	0.12841273601448	0.00674567681934	1	0.2	0
457	457	458	100.0000	22.20000	0	0.01417846679686	0.00000000000096	1	0.2	0
458	458	459	100.0000	22.20000	0	0.00264282226562	0.00000000000000	1	0.2	0
459	459	460	100.0000	22.20000	0	0.09778442382809	0.00000000000619	1	0.2	0
460	460	461	100.0000	22.20000	0	0.08032226562554	0.00312622484521	1	0.2	0
461	461	462	99.9996	22.20000	0	0.08610262918150	0.00248358846507	1	0.2	0
462	462	463	100.0000	22.20000	0	0.10231323242203	0.00000000000096	1	0.2	0
463	463	464	100.0000	22.20000	0	0.11636352539072	0.00248507617630	1	0.2	0
464	464	465	99.9995	22.20000	0	0.04393332079225	0.00394447857724	1	0.2	0
465	465	466	100.0000	22.20000	0	0.04810180664074	0.00000000000522	1	0.2	0
466	466	467	100.0000	22.20000	0	0.10332031249945	0.00000000000522	1	0.2	0
467	467	468	100.0000	22.20000	0	0.07705688476581	0.00203960717407	1	0.2	0
468	468	469	99.9999	22.20000	0	0.06805425855511	0.00085497048549	1	0.2	0
469	469	470	100.0000	22.20000	0	0.08056640625058	0.00000000000524	1	0.2	0
470	470	471	100.0000	22.20000	0	0.09902954101557	0.00085633888623	1	0.2	0
471	471	472	100.0000	22.20000	0	0.10183719418676	0.00082525368520	1	0.2	0
472	472	473	100.0000	22.20000	0	0.07394409179687	0.00000000000000	1	0.2	0
473	473	474	100.0000	22.20000	0	0.13034057617186	0.01451157632620	1	0.2	0
474	474	475	99.9806	22.20000	0	0.02487664237924	0.09918006682797	1	0.2	0
475	475	476	99.8731	22.20000	0	0.02827073929106	0.09487808355258	1	0.2	0
476	476	477	99.9601	22.20000	0	0.07918806169120	0.09098728933029	1	0.2	0
477	477	478	99.9711	22.20000	0	0.08993073946718	0.02399494056941	1	0.2	0
478	478	479	100.0000	22.20000	0	0.10161743164073	0.00000000000743	1	0.2	0
479	479	480	100.0000	22.20000	0	-0.10852661132763	0.00285630313070	1	0.2	0
480	480	481	99.9994	22.20000	0	0.20045893604823	0.00128052249843	1	0.2	0
481	481	482	100.0000	22.20000	0	-0.03906860382076	0.00000396352529	1	0.2	0
482	482	483	100.0000	22.20000	0	-0.03829345703122	0.00000000000000	1	0.2	0
483	483	484	100.0000	22.20000	0	0.04682617187496	0.00000000000000	1	0.2	0
484	484	485	100.0000	22.20000	0	0.04379882812497	0.00000000000000	1	0.2	0
485	485	486	100.0000	22.20000	0	0.09915161132805	0.00000000000000	1	0.2	0
486	486	487	100.0000	22.20000	0	0.07304687499994	0.00042920444910	1	0.2	0
487	487	488	100.0000	22.20000	0	0.03776245289049	0.00021205126408	1	0.2	0
488	488	489	100.0000	22.20000	0	0.03007812500000	0.01055265101753	1	0.2	0
489	489	490	99.9916	22.20000	0	-0.02246281976413	0.01025591142650	1	0.2	0
490	490	491	100.0000	22.20000	0	0.04057617187504	0.00000000000070	1	0.2	0
491	491	492	100.0000	22.20000	0	0.04048461914071	0.00000000000673	1	0.2	0
492	492	493	100.0000	22.20000	0	-0.06192016601535	0.00132155223447	1	0.2	0
493	493	494	100.0000	22.20000	0	-0.02019043196684	0.00017084476719	1	0.2	0
494	494	495	100.0000	22.20000	0	0.05606079101559	0.00104951199627	1	0.2	0
495	495	496	100.0000	22.20000	0	0.01304931792709	0.00022209068083	1	0.2	0
496	496	497	100.0000	22.20000	0	-0.01208496093751	0.00000000000814	1	0.2	0
497	497	498	100.0000	22.20000	0	-0.00155029296874	0.00256764791311	1	0.2	0
498	498	499	99.9997	22.20000	0	-0.06430072106840	0.00196983336059	1	0.2	0
499	499	500	100.0000	22.20000	0	-0.03187255859379	0.00000000000000	1	0.2	0
500	500	501	100.0000	22.20000	0	0.02159423828128	0.00000000000744	1	0.2	0
501	501	502	100.0000	22.20000	0	0.04124755859357	0.00000000000744	1	0.2	0
502	502	503	100.0000	22.20000	0	0.01844482421877	0.00000000000000	1	0.2	0
503	503	504	100.0000	22.20000	0	0.03341064453129	0.00000000000000	1	0.2	0
504	504	505	100.0000	22.20000	0	0.00390014648438	0.00000000000000	1	0.2	0
505	505	506	100.0000	22.20000	0	0.08813476562511	0.00000000000744	1	0.2	0
506	506	507	100.0000	22.20000	0	0.05081787109353	0.00000000000744	1	0.2	0
507	507	508	100.0000	22.20000	0	0.06060180664070	0.00000000000000	1	0.2	0
508	508	509	100.0000	1.00000	0	0.04685668945318	0.00000000000000	1	0.2	0
509	509	510	100.0000	22.20000	0	0.06156005859382	0.00000000000000	1	0.2	0
510	510	511	100.0000	22.20000	0	0.03142700195316	0.00000000000744	1	0.2	0
511	511	512	100.0000	22.20000	0	0.07330322265593	0.00000000000744	1	0.2	0
512	512	513	100.0000	22.20000	0	0.09089965820324	0.00000000000000	1	0.2	0
513	513	514	100.0000	22.20000	0	-0.00388183593750	0.00000000000000	1	0.2	0
514	514	515	100.0000	22.20000	0	0.06236572265633	0.00000000000744	1	0.2	0
515	515	516	100.0000	22.20000	0	0.14231567382750	0.00000000000744	1	0.2	0
516	516	517	100.0000	22.20000	0	0.06456298828133	0.00000000000000	1	0.2	0
517	517	518	100.0000	22.20000	0	0.04172973632818	0.00000000000000	1	0.2	0
518	518	519	100.0000	22.20000	0	0.02698364257816	0.00000000000000	1	0.2	0
519	519	520	100.0000	22.20000	0	-0.00436401367188	0.00000000000744	1	0.2	0
520	520	521	100.0000	22.20000	0	0.04234008789044	0.00000000000744	1	0.2	0
521	521	522	100.0000	22.20000	0	0.00599975585938	0.00000000000000	1	0.2	0
522	522	523	100.0000	22.20000	0	0.04338989257818	0.00000000000000	1	0.2	0
523	523	524	100.0000	22.20000	0	0.08070068359385	0.00018374144081	1	0.2	0
524	524	525	99.9990	22.20000	0	0.00215456282336	0.00355946039124	1	0.2	0
525	525	526	100.0000	22.20000	0	0.05662231445300	0.00000000000816	1	0.2	0
526	526	527	100.0000	22.20000	0	0.05297241210950	0.00000000000816	1	0.2	0
527	527	528	100.0000	22.20000	0	0.03005981445306	0.00113246837358	1	0.2	0
528	528	529	99.9996	22.20000	0	0.03457046368147	0.00474501644946	1	0.2	0
529	529	530	100.0000	22.20000	0	0.09602661132795	0.00000000000744	1	0.2	0
530	530	531	100.0000	22.20000	0	0.02974853515636	0.00000000000744	1	0.2	0
531	531	532	100.0000	22.20000	0	0.04412231445304	0.00000000000070	1	0.2	0
532	532	533	100.0000	22.20000	0	0.06837158203119	0.00000000000814	1	0.2	0
533	533	534	100.0000	22.20000	0	0.04461059570329	0.00000000000744	1	0.2	0
534	534	535	100.0000	22.20000	0	0.05015258789053	0.00000000000000	1	0.2	0
535	535	536	100.0000	22.20000	0	0.09458007812482	0.00216883246498	1	0.2	0
536	536	537	99.9964	22.20000	0	-0.00484026449250	0.00339531423100	1	0.2	0
537	537	538	100.0000	22.20000	0	0.03392944335946	0.00000063400236	1	0.2	0
538	538	539	100.0000	22.20000	0	0.10381469726583	0.00000000000745	1	0.2	0
539	539	540	100.0000	22.20000	0	-0.01946411132805	0.00000000000675	1	0.2	0
540	540	541	100.0000	22.20000	0	-0.02326660156257	0.00000000000675	1	0.2	0
541	541	542	100.0000	22.20000	0	0.06245727539040	0.00000000000745	1	0.2	0
542	542	543	100.0000	22.20000	0	0.06362915039075	0.00000000000000	1	0.2	0
543	543	544	100.0000	22.20000	0	0.03319702148444	0.00217628323387	1	0.2	0
544	544	545	99.9998	22.20000	0	0.08761002592408	0.00170607068690	1	0.2	0
545	545	546	100.0000	22.20000	0	0.00118408203125	0.00000000000070	1	0.2	0
546	546	547	100.0000	22.20000	0	0.10354614257838	0.05093949025900	1	0.2	0
547	547	548	99.9654	22.20000	0	0.03883180382227	0.05544221994412	1	0.2	0
548	548	549	99.9945	22.20000	0	0.07334997579463	0.00737615521891	1	0.2	0
549	549	550	99.9999	22.20000	0	0.05774544260806	0.00077881578983	1	0.2	0
550	550	551	100.0000	22.20000	0	-0.01199951171881	0.00000000000743	1	0.2	0
551	551	552	100.0000	22.20000	0	0.04545898437495	0.00311517632774	1	0.2	0
552	552	553	99.9997	22.20000	0	0.09118067287632	0.01180738749797	1	0.2	0
553	553	554	99.9974	22.20000	0	0.00698260084641	0.00765489637392	1	0.2	0
554	554	555	99.9987	22.20000	0	0.10633682545104	0.00243369061092	1	0.2	0
555	555	556	100.0000	22.20000	0	-0.03525390625004	0.00000000000060	1	0.2	0
556	556	557	100.0000	22.20000	0	-0.10062255859375	0.00000000000800	1	0.2	0
557	557	558	100.0000	22.20000	0	-0.16435546874922	0.00129869314646	1	0.2	0
558	558	559	99.9998	22.20000	0	-0.02458500453368	0.00273087757899	1	0.2	0
559	559	560	100.0000	22.20000	0	-0.03075561523445	0.00000000000802	1	0.2	0
560	560	561	100.0000	22.20000	0	-0.00182495117187	0.00000000000802	1	0.2	0
561	561	562	100.0000	22.20000	0	-0.12623291015658	0.00000000000743	1	0.2	0
562	562	563	100.0000	22.20000	0	0.03693237304676	0.00000000000743	1	0.2	0
563	563	564	100.0000	22.20000	0	0.00750122070314	0.00000000000802	1	0.2	0
564	564	565	100.0000	22.20000	0	-0.01134033203123	0.00237615725541	1	0.2	0
565	565	566	99.9980	22.20000	0	-0.05614128647221	0.00533292216597	1	0.2	0
566	566	567	100.0000	22.20000	0	-0.08467407226551	0.00000000000801	1	0.2	0
567	567	568	100.0000	22.20000	0	0.09706420898470	0.02407916707044	1	0.2	0
568	568	569	99.9244	22.20000	0	0.11222470583142	0.01138646334392	1	0.2	0
569	569	570	99.9112	22.20000	0	0.05115628530160	0.04959586449343	1	0.2	0
570	570	571	100.0000	22.20000	0	0.08031616210923	0.05153916269317	1	0.2	0
571	571	572	99.9593	22.20000	0	0.05892288071246	0.02719468851577	1	0.2	0
572	572	573	99.9998	22.20000	0	0.12350493095671	0.00124751800902	1	0.2	0
573	573	574	100.0000	22.20000	0	-0.01919555664061	0.00104336093241	1	0.2	0
574	574	575	99.9990	22.20000	0	-0.01878681826429	0.03133605407068	1	0.2	0
575	575	576	99.9988	22.20000	0	0.04566096315538	0.00219704885914	1	0.2	0
576	576	577	100.0000	22.20000	0	-0.06862182617180	0.08145583611482	1	0.2	0
577	577	578	99.6212	22.20000	0	0.08350113539529	0.17923660442631	1	0.2	0
578	578	579	99.8854	22.20000	0	-0.05831267484853	0.04698295171289	1	0.2	0
579	579	580	100.0000	22.20000	0	0.02860107761848	0.00027383973303	1	0.2	0
580	580	581	100.0000	22.20000	0	0.09511718749975	0.09000826305063	1	0.2	0
581	581	582	99.8196	22.20000	0	0.04445887945399	0.24636624718753	1	0.2	0
582	582	583	99.6317	22.20000	0	0.07777055641387	0.14942073909534	1	0.2	0
583	583	584	99.9990	22.20000	0	0.05461482164635	0.00289760069986	1	0.2	0
584	584	585	100.0000	22.20000	0	0.06826171874992	0.00000000000026	1	0.2	0
585	585	586	100.0000	22.20000	0	0.14671020507812	0.00000000000933	1	0.2	0
586	586	587	100.0000	22.20000	0	0.08323974609383	0.00541683641224	1	0.2	0
587	587	588	99.9995	22.20000	0	0.06232939220896	0.00172170143987	1	0.2	0
588	588	589	100.0000	1.00000	0	-0.01569213867189	0.00003099850077	1	0.2	0
589	589	590	100.0000	22.20000	0	-0.06834719362358	0.01208769803287	1	0.2	0
590	590	591	99.9957	22.20000	0	0.22275118276296	0.00702030882104	1	0.2	0
591	591	592	100.0000	22.20000	0	-0.04312744140622	0.01424876243916	1	0.2	0
592	592	593	99.9801	22.20000	0	0.19473469914934	0.11863843173237	1	0.2	0
593	593	594	99.8930	22.20000	0	-0.12025807686937	0.09062278469062	1	0.2	0
594	594	595	99.9979	22.20000	0	0.05287589326630	0.00401472364569	1	0.2	0
595	595	596	100.0000	22.20000	0	0.04196777343747	0.00000000000932	1	0.2	0
596	596	597	100.0000	22.20000	0	0.02695922851564	0.00000000000932	1	0.2	0
597	597	598	100.0000	22.20000	0	0.14367065429678	0.06649326772200	1	0.2	0
598	598	599	99.8455	22.20000	0	0.07468203479107	0.18479707847373	1	0.2	0
599	599	600	99.8849	22.20000	0	-0.11195138507198	0.04151003316682	1	0.2	0
600	600	601	100.0000	22.20000	0	-0.15883789062490	0.00761178167189	1	0.2	0
601	601	602	99.9925	22.20000	0	-0.07932111452753	0.22789410450800	1	0.2	0
602	602	603	99.2466	22.20000	0	-0.26558734322379	0.17332550364413	1	0.2	0
603	603	604	99.9966	22.20000	0	0.62803672836056	0.02821629325555	1	0.2	0
604	604	605	100.0000	22.20000	0	0.12351074218804	0.03550710907192	1	0.2	0
605	605	606	99.9455	22.20000	0	0.17151688270836	0.01588116819144	1	0.2	0
606	606	607	99.9578	22.20000	0	0.00776084291803	0.06453380849463	1	0.2	0
607	607	608	99.9998	22.20000	0	0.01616213951713	0.00220669756755	1	0.2	0
608	608	609	99.9999	22.20000	0	0.15560924489374	0.00163624630879	1	0.2	0
609	609	610	100.0000	22.20000	0	0.03258056640634	0.00000000000628	1	0.2	0
610	610	611	100.0000	22.20000	0	0.11397705078076	0.08356931481025	1	0.2	0
611	611	612	99.8930	22.20000	0	-0.02476405329363	0.17304572633607	1	0.2	0
612	612	613	99.8862	22.20000	0	0.22837276860058	0.09884077986923	1	0.2	0
613	613	614	99.9744	22.20000	0	0.42704412162305	0.01909575485580	1	0.2	0
614	614	615	99.9994	22.20000	0	0.06358678457297	0.00783131682462	1	0.2	0
615	615	616	99.9989	22.20000	0	0.05061701811455	0.00345017160436	1	0.2	0
616	616	617	100.0000	22.20000	0	0.10595092773454	0.00301730450712	1	0.2	0
617	617	618	99.9995	22.20000	0	0.03026748314602	0.00326658391837	1	0.2	0
618	618	619	100.0000	22.20000	0	0.10235595703120	0.00000000000000	1	0.2	0
619	619	620	100.0000	22.20000	0	0.08671874999996	0.00000000000038	1	0.2	0
620	620	621	100.0000	22.20000	0	0.11128540039070	0.00595389756391	1	0.2	0
621	621	622	99.9988	22.20000	0	0.05864938117070	0.03992613233784	1	0.2	0
622	622	623	99.9754	22.20000	0	0.15158761253273	0.12036751710663	1	0.2	0
623	623	624	99.9659	22.20000	0	0.09629141984764	0.12801258347855	1	0.2	0
624	624	625	99.9189	22.20000	0	0.11706886189956	0.12285374529090	1	0.2	0
625	625	626	99.9148	22.20000	0	0.01086741783233	0.10628232845179	1	0.2	0
626	626	627	99.9582	22.20000	0	0.00569696259478	0.03524133776319	1	0.2	0
627	627	628	99.9984	22.20000	0	-0.00935073836992	0.05142577734389	1	0.2	0
628	628	629	99.9298	22.20000	0	0.17041377572277	0.12447830635559	1	0.2	0
629	629	630	99.8851	22.20000	0	0.04538906273532	0.10572346383910	1	0.2	0
630	630	631	99.9904	22.20000	0	0.01689004645495	0.00697751472231	1	0.2	0
631	631	632	99.9997	22.20000	0	0.15101364865878	0.00263716628229	1	0.2	0
632	632	633	100.0000	22.20000	0	0.07246093749978	0.00000000000755	1	0.2	0
633	633	634	100.0000	22.20000	0	0.07355346679707	0.00000000000755	1	0.2	0
634	634	635	100.0000	22.20000	0	0.03302612304678	0.00000000000812	1	0.2	0
635	635	636	100.0000	22.20000	0	0.13184814453146	0.00000000000057	1	0.2	0
636	636	637	100.0000	22.20000	0	0.02351684570319	0.00000000000755	1	0.2	0
637	637	638	100.0000	22.20000	0	0.07584838867165	0.00000000000812	1	0.2	0
638	638	639	100.0000	22.20000	0	0.12445678710957	0.00000000000869	1	0.2	0
639	639	640	100.0000	22.20000	0	0.09796752929668	0.00118154737782	1	0.2	0
640	640	641	100.0000	22.20000	0	0.15943608907939	0.00053364347652	1	0.2	0
641	641	642	100.0000	22.20000	0	0.06665039062490	0.00000000000813	1	0.2	0
642	642	643	100.0000	22.20000	0	0.08925781250027	0.00000000000813	1	0.2	0
643	643	644	100.0000	22.20000	0	0.15380859374976	0.00385489322357	1	0.2	0
644	644	645	99.9998	22.20000	0	0.00843507140061	0.00830253793564	1	0.2	0
645	645	646	99.9989	22.20000	0	0.16858090669645	0.00233238755797	1	0.2	0
646	646	647	100.0000	22.20000	0	-0.09547119140621	0.00000000000000	1	0.2	0
647	647	648	100.0000	22.20000	0	-0.03916625976561	0.01360490212929	1	0.2	0
648	648	649	99.9882	22.20000	0	0.04965796257934	0.01353777055223	1	0.2	0
649	649	650	99.9946	22.20000	0	-0.46293386606341	0.02332631460378	1	0.2	0
650	650	651	99.9990	22.20000	0	0.28121003547635	0.00403875193814	1	0.2	0
651	651	652	100.0000	22.20000	0	0.42614135741994	0.00000000000813	1	0.2	0
652	652	653	100.0000	22.20000	0	0.00899047851563	0.00000000000057	1	0.2	0
653	653	654	100.0000	22.20000	0	0.11911010742200	0.00040681227694	1	0.2	0
654	654	655	100.0000	22.20000	0	0.01488037597211	0.00049225104516	1	0.2	0
655	655	656	100.0000	22.20000	0	-0.06361084941889	0.00026892057012	1	0.2	0
656	656	657	100.0000	22.20000	0	0.02330932617189	0.00000000000000	1	0.2	0
657	657	658	100.0000	22.20000	0	-0.06880493164068	0.00000000000870	1	0.2	0
658	658	659	100.0000	22.20000	0	-0.05211791992173	0.00000000000870	1	0.2	0
659	659	660	100.0000	22.20000	0	0.00233764648438	0.00000000000000	1	0.2	0
660	660	661	100.0000	22.20000	0	-0.05908203125004	0.00000000000000	1	0.2	0
661	661	662	100.0000	22.20000	0	-0.02239990234377	0.00000000000870	1	0.2	0
662	662	663	100.0000	22.20000	0	0.03807373046864	0.00000000000870	1	0.2	0
663	663	664	100.0000	22.20000	0	0.00612182617188	0.00000000000000	1	0.2	0
664	664	665	100.0000	22.20000	0	-0.02703247070315	0.00000000000057	1	0.2	0
665	665	666	100.0000	22.20000	0	0.07770385742201	0.00000000000756	1	0.2	0
666	666	667	100.0000	22.20000	0	0.10809936523397	0.00002183621099	1	0.2	0
667	667	668	100.0000	22.20000	0	0.03507690513529	0.00111734259425	1	0.2	0
668	668	669	100.0000	22.20000	0	-0.13099365720185	0.00171555171686	1	0.2	0
669	669	670	100.0000	22.20000	0	-0.00061645535552	0.01260643565233	1	0.2	0
670	670	671	99.9856	22.20000	0	0.05464046224344	0.04884999571412	1	0.2	0
671	671	672	99.9826	22.20000	0	0.09757555948121	0.04657625750087	1	0.2	0
672	672	673	99.9888	22.20000	0	0.04023890213851	0.05142495109337	1	0.2	0
673	673	674	99.9942	22.20000	0	-0.02625275569014	0.01202864110921	1	0.2	0
674	674	675	100.0000	22.20000	0	-0.01093749999998	0.00000000000840	1	0.2	0
675	675	676	100.0000	22.20000	0	0.10115966796895	0.00000000000039	1	0.2	0
676	676	677	100.0000	22.20000	0	0.07092285156256	0.00000000000879	1	0.2	0
677	677	678	100.0000	22.20000	0	0.08986816406230	0.00000000000879	1	0.2	0
678	678	679	100.0000	22.20000	0	0.15350341796888	0.00000000000000	1	0.2	0
679	679	680	100.0000	22.20000	0	0.02329101562502	0.00759972139722	1	0.2	0
680	680	681	99.9962	22.20000	0	-0.06565799471160	0.04110562315896	1	0.2	0
681	681	682	99.9835	22.20000	0	0.01966267285169	0.04957831989474	1	0.2	0
682	682	683	99.9767	22.20000	0	0.07436426399916	0.05645088130349	1	0.2	0
683	683	684	99.9915	22.20000	0	0.14970756811892	0.05476565899970	1	0.2	0
684	684	685	99.9741	22.20000	0	0.20337917232475	0.04824345051828	1	0.2	0
685	685	686	99.9912	22.20000	0	0.13925173099895	0.01831150153965	1	0.2	0
686	686	687	100.0000	22.20000	0	-0.04613647460929	0.00000000000067	1	0.2	0
687	687	688	100.0000	22.20000	0	0.12507934570302	0.00000000000067	1	0.2	0
688	688	689	100.0000	22.20000	0	0.15167846679660	0.00000000000694	1	0.2	0
689	689	690	100.0000	22.20000	0	0.02056274414072	0.00000000000694	1	0.2	0
690	690	691	100.0000	22.20000	0	0.14433593749974	0.00000000000067	1	0.2	0
691	691	692	100.0000	22.20000	0	0.04346313476559	0.00000000000067	1	0.2	0
692	692	693	100.0000	22.20000	0	0.03458251953119	0.00000000000067	1	0.2	0
693	693	694	100.0000	22.20000	0	0.00556030273437	0.00000000000828	1	0.2	0
694	694	695	100.0000	22.20000	0	-0.11441040039103	0.00000000000828	1	0.2	0
695	695	696	100.0000	22.20000	0	0.00062255859375	0.00064588888632	1	0.2	0
696	696	697	99.9999	22.20000	0	0.09811408984003	0.00209157287760	1	0.2	0
697	697	698	100.0000	22.20000	0	0.29135742187375	0.00039572357025	1	0.2	0
698	698	699	100.0000	22.20000	0	-0.00803833228904	0.00928595024263	1	0.2	0
699	699	700	99.9980	22.20000	0	-0.16081862281364	0.09433518206032	1	0.2	0
700	700	701	99.9550	22.20000	0	0.41524443532796	0.02589044727482	1	0.2	0
701	701	702	100.0000	11.10000	0	-0.02807617187499	0.04095759235481	1	0.2	0
702	702	703	99.9405	11.10000	0	-0.10634994314299	0.07542510860176	1	0.2	0
703	703	704	99.9955	11.10000	0	0.20796831271913	0.01288228486133	1	0.2	0
704	704	705	99.9994	11.10000	0	-0.06223793145628	0.00204311830373	1	0.2	0
705	705	706	100.0000	11.10000	0	-0.00129394531250	0.00000000000000	1	0.2	0
706	706	707	100.0000	11.10000	0	0.01428222656252	0.00000000000763	1	0.2	0
707	707	708	100.0000	11.10000	0	-0.02759399414052	0.00000000000763	1	0.2	0
708	708	709	100.0000	11.10000	0	0.10252075195329	0.00000000000000	1	0.2	0
709	709	710	100.0000	11.10000	0	-0.02296142578129	0.00000000000763	1	0.2	0
710	710	711	100.0000	11.10000	0	0.05961303710915	0.00000000000763	1	0.2	0
711	711	712	100.0000	11.10000	0	0.05783081054697	0.00000000000000	1	0.2	0
712	712	713	100.0000	11.10000	0	0.04749755859383	0.00000000000000	1	0.2	0
713	713	714	100.0000	11.10000	0	0.02199096679691	0.00000000000763	1	0.2	0
714	714	715	100.0000	11.10000	0	0.09208374023403	0.00000000000830	1	0.2	0
715	715	716	100.0000	11.10000	0	-0.04747924804691	0.00306794210141	1	0.2	0
716	716	717	99.9943	11.10000	0	0.10382059859561	0.05114290659375	1	0.2	0
717	717	718	99.9910	11.10000	0	0.02882949519844	0.05308948541600	1	0.2	0
718	718	719	99.9891	11.10000	0	0.12874940889866	0.04098162615033	1	0.2	0
719	719	720	99.9902	11.10000	0	0.08104432662549	0.02080890179934	1	0.2	0
720	720	721	100.0000	11.10000	0	0.08132934570327	0.00700938829399	1	0.2	0
721	721	722	99.9999	11.10000	0	0.18425924223485	0.00032369117671	1	0.2	0
722	722	723	100.0000	11.10000	0	0.05736083984375	0.00000000000000	1	0.2	0
723	723	724	100.0000	11.10000	0	0.05438232421875	0.00000000000000	1	0.2	0
724	724	725	100.0000	11.10000	0	0.06234130859375	0.00000000000000	1	0.2	0
725	725	726	100.0000	11.10000	0	0.05405273437500	0.00000000000000	1	0.2	0
726	726	727	100.0000	11.10000	0	0.05811767578125	0.00000000000000	1	0.2	0
727	727	728	100.0000	11.10000	0	0.09711914062499	0.00000000000000	1	0.2	0
728	728	729	100.0000	11.10000	0	0.03574218750000	0.00000000000000	1	0.2	0
729	729	730	100.0000	11.10000	0	0.03682861328125	0.00000000000000	1	0.2	0
730	730	731	100.0000	11.10000	0	-0.05504760742187	0.00000000000000	1	0.2	0
731	731	732	100.0000	11.10000	0	-0.01209716796875	0.00156449944750	1	0.2	0
732	732	733	100.0000	11.10000	0	0.00137329110646	0.00008455615138	1	0.2	0
733	733	734	100.0000	11.10000	0	-0.03011474609370	0.00000000000845	1	0.2	0
734	734	735	100.0000	11.10000	0	0.02138061523443	0.00000000000845	1	0.2	0
735	735	736	100.0000	11.10000	0	0.01291503906248	0.00035848448041	1	0.2	0
736	736	737	100.0000	11.10000	0	-0.08642580429136	0.00148739210718	1	0.2	0
737	737	738	100.0000	11.10000	0	-0.12828369140627	0.05004567229758	1	0.2	0
738	738	739	99.9618	11.10000	0	-0.06037462655660	0.06233847586680	1	0.2	0
739	739	740	99.9841	11.10000	0	0.08323463171865	0.00142985093237	1	0.2	0
740	740	741	99.9875	11.10000	0	0.10763063180186	0.19011975214765	1	0.2	0
741	741	742	99.4027	11.10000	0	-0.05583275084280	0.12737836414810	1	0.2	0
742	742	743	99.9839	11.10000	0	0.17406371772816	0.16491369052791	1	0.2	0
743	743	744	99.6511	11.10000	0	0.05661230386597	0.19086998922818	1	0.2	0
744	744	745	99.9617	11.10000	0	-0.28277441194004	0.00038864115631	1	0.2	0
745	745	746	99.9760	11.10000	0	0.21142771556469	0.14630814570683	1	0.2	0
746	746	747	99.8420	11.10000	0	0.32616224767080	0.06667120849468	1	0.2	0
747	747	748	99.9542	11.10000	0	0.14664311942999	0.08633203368941	1	0.2	0
748	748	749	99.9310	11.10000	0	-0.02606778228729	0.01813944938909	1	0.2	0
749	749	750	96.6784	1.00000	0	-0.01007589664935	0.01813944938909	1	0.2	0
