This is the node file of route1		
750	1	1
1	-27375.11074	-21357.02988	1	0	ND
2	-27285.76249	-21312.36845	0	0	ND
3	-27198.46491	-21264.07002	0	0	ND
4	-27119.37659	-21202.97221	0	0	ND
5	-27034.66074	-21149.84061	0	0	ND
6	-26946.85918	-21102.47783	0	0	ND
7	-26849.84875	-21078.64517	0	0	ND
8	-26752.62415	-21055.27643	0	0	ND
9	-26655.43901	-21031.72254	0	0	ND
10	-26558.29623	-21007.99686	0	0	ND
11	-26462.7032	-20978.75479	0	0	ND
12	-26365.91438	-20953.85835	0	0	ND
13	-26271.33461	-20921.5161	0	0	ND
14	-26174.22151	-20897.66142	0	0	ND
15	-26078.91292	-20867.61736	0	0	ND
16	-25989.09526	-20824.06598	0	0	ND
17	-25902.15905	-20775.04849	0	0	ND
18	-25808.43675	-20740.20955	0	0	ND
19	-25713.92493	-20707.5396	0	0	ND
20	-25618.30079	-20678.46811	0	0	ND
21	-25521.26229	-20654.31175	0	0	ND
22	-25424.2238	-20630.15538	0	0	ND
23	-25327.1853	-20605.99901	0	0	ND
24	-25230.1468	-20581.84264	0	0	ND
25	-25132.02285	-20563.11111	0	0	ND
26	-25032.59137	-20553.17032	0	0	ND
27	-24933.42867	-20541.45208	0	0	ND
28	-24839.30641	-20508.19856	0	0	ND
29	-24740.77775	-20491.95057	0	0	ND
30	-24643.19899	-20470.68514	0	0	ND
31	-24557.05615	-20421.06566	0	0	ND
32	-24479.84158	-20357.52453	0	0	ND
33	-24398.09372	-20300.27535	0	0	ND
34	-24331.46343	-20226.27939	0	0	ND
35	-24272.74221	-20145.33717	0	0	ND
36	-24214.52938	-20064.03345	0	0	ND
37	-24158.40511	-19981.26835	0	0	ND
38	-24102.44284	-19898.39367	0	0	ND
39	-24046.60846	-19815.43271	0	0	ND
40	-23990.77408	-19732.47174	0	0	ND
41	-23934.9397	-19649.51077	0	0	ND
42	-23879.10533	-19566.5498	0	0	ND
43	-23823.27095	-19483.58883	0	0	ND
44	-23767.43657	-19400.62787	0	0	ND
45	-23711.60219	-19317.6669	0	0	ND
46	-23655.76781	-19234.70593	0	0	ND
47	-23599.93343	-19151.74496	0	0	ND
48	-23544.09905	-19068.784	0	0	ND
49	-23488.26468	-18985.82303	0	0	ND
50	-23432.34044	-18902.92292	0	0	ND
51	-23376.0238	-18820.28856	0	0	ND
52	-23319.70716	-18737.65421	0	0	ND
53	-23263.39052	-18655.01986	0	0	ND
54	-23207.07388	-18572.38551	0	0	ND
55	-23146.92129	-18492.64777	0	0	ND
56	-23089.78791	-18410.58663	0	0	ND
57	-23027.59913	-18332.33188	0	0	ND
58	-22957.69957	-18261.04468	0	0	ND
59	-22883.73302	-18193.87876	0	0	ND
60	-22810.14744	-18126.28953	0	0	ND
61	-22734.74873	-18060.60367	0	0	ND
62	-22659.09237	-17995.21172	0	0	ND
63	-22583.45967	-17929.79234	0	0	ND
64	-22507.82697	-17864.37297	0	0	ND
65	-22432.19427	-17798.95359	0	0	ND
66	-22356.61324	-17733.47461	0	0	ND
67	-22281.12533	-17667.88822	0	0	ND
68	-22205.77648	-17602.14259	0	0	ND
69	-22130.26221	-17536.58655	0	0	ND
70	-22054.28639	-17471.57205	0	0	ND
71	-21979.34306	-17405.4043	0	0	ND
72	-21907.38563	-17336.1373	0	0	ND
73	-21839.26509	-17263.28727	0	0	ND
74	-21789.06379	-17177.01708	0	0	ND
75	-21754.68745	-17083.20777	0	0	ND
76	-21738.73045	-16984.67022	0	0	ND
77	-21732.16169	-16884.91369	0	0	ND
78	-21728.98775	-16784.97049	0	0	ND
79	-21723.53733	-16685.18508	0	0	ND
80	-21705.13948	-16586.95018	0	0	ND
81	-21672.47772	-16492.58374	0	0	ND
82	-21626.29447	-16404.00381	0	0	ND
83	-21567.16834	-16323.54743	0	0	ND
84	-21496.34607	-16253.06204	0	0	ND
85	-21421.01671	-16187.31492	0	0	ND
86	-21344.434	-16123.01033	0	0	ND
87	-21268.19206	-16058.30267	0	0	ND
88	-21191.82675	-15993.7425	0	0	ND
89	-21114.94925	-15929.79057	0	0	ND
90	-21040.05093	-15863.60564	0	0	ND
91	-20977.92861	-15785.43465	0	0	ND
92	-20926.07305	-15699.96632	0	0	ND
93	-20878.16657	-15612.19218	0	0	ND
94	-20830.46916	-15524.30045	0	0	ND
95	-20782.77174	-15436.40872	0	0	ND
96	-20735.07432	-15348.51699	0	0	ND
97	-20687.37691	-15260.62526	0	0	ND
98	-20639.67949	-15172.73353	0	0	ND
99	-20591.98207	-15084.84179	0	0	ND
100	-20547.24069	-14995.43326	0	0	ND
101	-20513.49718	-14901.50441	0	0	ND
102	-20487.78529	-14804.87224	0	0	ND
103	-20455.66359	-14710.18508	0	0	ND
104	-20424.08135	-14615.36645	0	0	ND
105	-20400.78456	-14518.1182	0	0	ND
106	-20377.70251	-14420.81867	0	0	ND
107	-20356.05754	-14323.19495	0	0	ND
108	-20334.70903	-14225.50265	0	0	ND
109	-20312.48903	-14128.00254	0	0	ND
110	-20289.76602	-14030.6197	0	0	ND
111	-20266.81286	-13933.29109	0	0	ND
112	-20244.32821	-13835.86958	0	0	ND
113	-20208.89122	-13742.53123	0	0	ND
114	-20156.34614	-13657.53718	0	0	ND
115	-20099.80723	-13575.08857	0	0	ND
116	-20031.81483	-13501.99205	0	0	ND
117	-19954.61154	-13438.44809	0	0	ND
118	-19894.1343	-13360.39286	0	0	ND
119	-19865.07284	-13264.79874	0	0	ND
120	-19838.2989	-13168.44961	0	0	ND
121	-19810.67187	-13072.34557	0	0	ND
122	-19786.57526	-12975.36152	0	0	ND
123	-19771.92994	-12876.46104	0	0	ND
124	-19757.53122	-12777.62038	0	0	ND
125	-19746.66877	-12678.21552	0	0	ND
126	-19733.22611	-12579.19519	0	0	ND
127	-19698.65402	-12485.83325	0	0	ND
128	-19640.33143	-12404.71182	0	0	ND
129	-19580.80468	-12324.51864	0	0	ND
130	-19516.91027	-12247.59332	0	0	ND
131	-19453.78186	-12170.03837	0	0	ND
132	-19390.67954	-12092.46198	0	0	ND
133	-19327.57721	-12014.88559	0	0	ND
134	-19264.25779	-11937.48821	0	0	ND
135	-19200.62812	-11860.40346	0	0	ND
136	-19137.15943	-11783.12652	0	0	ND
137	-19073.69074	-11705.84958	0	0	ND
138	-19010.22205	-11628.57264	0	0	ND
139	-18946.75336	-11551.2957	0	0	ND
140	-18883.28467	-11474.01876	0	0	ND
141	-18819.81598	-11396.74182	0	0	ND
142	-18756.34729	-11319.46488	0	0	ND
143	-18692.61581	-11242.40644	0	0	ND
144	-18628.9071	-11165.32726	0	0	ND
145	-18561.59705	-11091.50383	0	0	ND
146	-18483.7321	-11028.91738	0	0	ND
147	-18399.77997	-10974.58473	0	0	ND
148	-18315.1583	-10921.30378	0	0	ND
149	-18230.46375	-10868.13591	0	0	ND
150	-18145.70563	-10815.06939	0	0	ND
151	-18059.81608	-10763.95373	0	0	ND
152	-17966.45837	-10728.52789	0	0	ND
153	-17869.43264	-10704.83966	0	0	ND
154	-17769.67512	-10699.34301	0	0	ND
155	-17670.56359	-10711.71844	0	0	ND
156	-17574.50466	-10739.15427	0	0	ND
157	-17481.73098	-10776.41825	0	0	ND
158	-17388.6674	-10812.90146	0	0	ND
159	-17292.57892	-10840.32479	0	0	ND
160	-17193.1081	-10849.84796	0	0	ND
161	-17093.3696	-10843.74557	0	0	ND
162	-16995.73535	-10822.65121	0	0	ND
163	-16903.21086	-10785.15797	0	0	ND
164	-16818.30143	-10732.57838	0	0	ND
165	-16741.96541	-10668.26757	0	0	ND
166	-16678.88193	-10590.83275	0	0	ND
167	-16625.77742	-10506.12171	0	0	ND
168	-16573.30052	-10420.99725	0	0	ND
169	-16521.11734	-10335.69336	0	0	ND
170	-16470.18422	-10249.63655	0	0	ND
171	-16419.28807	-10163.55762	0	0	ND
172	-16363.80781	-10080.50414	0	0	ND
173	-16289.2054	-10014.58075	0	0	ND
174	-16196.70216	-9978.087385	0	0	ND
175	-16097.21519	-9973.820714	0	0	ND
176	-15998.46798	-9989.47928	0	0	ND
177	-15899.95642	-10006.65035	0	0	ND
178	-15801.33915	-10023.22246	0	0	ND
179	-15702.72189	-10039.79457	0	0	ND
180	-15604.10462	-10056.36668	0	0	ND
181	-15505.48735	-10072.93879	0	0	ND
182	-15407.16437	-10091.08895	0	0	ND
183	-15307.97011	-10103.30805	0	0	ND
184	-15208.20715	-10099.87621	0	0	ND
185	-15110.5179	-10079.23462	0	0	ND
186	-15017.55994	-10042.75779	0	0	ND
187	-14926.3307	-10001.80384	0	0	ND
188	-14835.10147	-9960.849881	0	0	ND
189	-14743.87223	-9919.895926	0	0	ND
190	-14652.64557	-9878.936269	0	0	ND
191	-14561.61451	-9837.543688	0	0	ND
192	-14470.88991	-9795.499667	0	0	ND
193	-14382.26185	-9749.483497	0	0	ND
194	-14293.17267	-9704.573965	0	0	ND
195	-14202.28152	-9662.875059	0	0	ND
196	-14111.39037	-9621.176153	0	0	ND
197	-14018.68871	-9584.156751	0	0	ND
198	-13936.51485	-9528.116991	0	0	ND
199	-13870.26359	-9453.678646	0	0	ND
200	-13810.18183	-9373.965297	0	0	ND
201	-13754.72794	-9291.060917	0	0	ND
202	-13701.11004	-9206.671992	0	0	ND
203	-13636.61238	-9130.385087	0	0	ND
204	-13563.05502	-9062.845115	0	0	ND
205	-13478.34868	-9010.090241	0	0	ND
206	-13385.37367	-8973.369486	0	0	ND
207	-13287.79705	-8952.021863	0	0	ND
208	-13188.03241	-8947.27545	0	0	ND
209	-13088.83098	-8959.118421	0	0	ND
210	-12992.6301	-8985.955312	0	0	ND
211	-12902.23584	-9028.378355	0	0	ND
212	-12811.7329	-9070.512729	0	0	ND
213	-12723.90226	-9118.322547	0	0	ND
214	-12634.38481	-9162.736052	0	0	ND
215	-12539.02422	-9192.357219	0	0	ND
216	-12440.18708	-9205.929888	0	0	ND
217	-12340.39755	-9202.337163	0	0	ND
218	-12242.41452	-9182.824881	0	0	ND
219	-12148.74821	-9148.013595	0	0	ND
220	-12056.24124	-9110.034609	0	0	ND
221	-11965.57002	-9068.122196	0	0	ND
222	-11873.59732	-9028.889961	0	0	ND
223	-11781.44644	-8990.054211	0	0	ND
224	-11689.27565	-8951.265883	0	0	ND
225	-11598.65671	-8909.077659	0	0	ND
226	-11511.21812	-8860.61728	0	0	ND
227	-11426.28557	-8807.836293	0	0	ND
228	-11341.54701	-8754.738483	0	0	ND
229	-11256.80846	-8701.640673	0	0	ND
230	-11172.0699	-8648.542863	0	0	ND
231	-11084.66876	-8600.320556	0	0	ND
232	-10998.76491	-8549.12947	0	0	ND
233	-10913.25952	-8497.283368	0	0	ND
234	-10828.30337	-8444.534407	0	0	ND
235	-10744.009	-8390.742072	0	0	ND
236	-10660.08066	-8336.372656	0	0	ND
237	-10575.69503	-8282.716616	0	0	ND
238	-10491.21084	-8229.215666	0	0	ND
239	-10406.94029	-8175.37819	0	0	ND
240	-10322.66544	-8121.547453	0	0	ND
241	-10238.34144	-8067.793727	0	0	ND
242	-10154.01744	-8014.04	0	0	ND
243	-10069.69344	-7960.286273	0	0	ND
244	-9985.369439	-7906.532546	0	0	ND
245	-9901.04544	-7852.77882	0	0	ND
246	-9816.760321	-7798.964176	0	0	ND
247	-9732.495788	-7745.117277	0	0	ND
248	-9648.231255	-7691.270379	0	0	ND
249	-9563.966722	-7637.42348	0	0	ND
250	-9479.702189	-7583.576582	0	0	ND
251	-9395.437656	-7529.729683	0	0	ND
252	-9311.198395	-7475.843291	0	0	ND
253	-9227.001107	-7421.891305	0	0	ND
254	-9142.80382	-7367.939319	0	0	ND
255	-9058.483172	-7314.180348	0	0	ND
256	-8974.29899	-7260.210789	0	0	ND
257	-8890.771112	-7205.228123	0	0	ND
258	-8807.243234	-7150.245456	0	0	ND
259	-8723.715357	-7095.262789	0	0	ND
260	-8640.024976	-7040.530063	0	0	ND
261	-8555.879762	-6986.496897	0	0	ND
262	-8471.738141	-6932.458136	0	0	ND
263	-8387.294132	-6878.899407	0	0	ND
264	-8302.745459	-6825.499763	0	0	ND
265	-8218.196787	-6772.100119	0	0	ND
266	-8133.726593	-6718.576643	0	0	ND
267	-8049.265191	-6665.04303	0	0	ND
268	-7962.767623	-6614.884973	0	0	ND
269	-7875.01009	-6566.942848	0	0	ND
270	-7787.074163	-6519.326959	0	0	ND
271	-7699.138237	-6471.71107	0	0	ND
272	-7611.202311	-6424.095181	0	0	ND
273	-7523.266385	-6376.479293	0	0	ND
274	-7435.330458	-6328.863404	0	0	ND
275	-7347.402021	-6281.233743	0	0	ND
276	-7259.636363	-6233.304741	0	0	ND
277	-7171.870705	-6185.375738	0	0	ND
278	-7084.105047	-6137.446736	0	0	ND
279	-6996.339389	-6089.517734	0	0	ND
280	-6908.573731	-6041.588731	0	0	ND
281	-6820.808073	-5993.659729	0	0	ND
282	-6733.042415	-5945.730727	0	0	ND
283	-6645.276757	-5897.801724	0	0	ND
284	-6557.511098	-5849.872722	0	0	ND
285	-6469.74544	-5801.94372	0	0	ND
286	-6381.979782	-5754.014717	0	0	ND
287	-6294.214124	-5706.085715	0	0	ND
288	-6206.448466	-5658.156713	0	0	ND
289	-6118.682808	-5610.22771	0	0	ND
290	-6030.91715	-5562.298708	0	0	ND
291	-5943.151492	-5514.369706	0	0	ND
292	-5855.429325	-5466.361362	0	0	ND
293	-5767.747694	-5418.278812	0	0	ND
294	-5680.066063	-5370.196262	0	0	ND
295	-5592.384432	-5322.113712	0	0	ND
296	-5504.702801	-5274.031163	0	0	ND
297	-5417.051338	-5225.893683	0	0	ND
298	-5329.382844	-5177.787218	0	0	ND
299	-5241.699166	-5129.708401	0	0	ND
300	-5154.015488	-5081.629585	0	0	ND
301	-5066.33181	-5033.550768	0	0	ND
302	-4978.648132	-4985.471951	0	0	ND
303	-4890.964454	-4937.393135	0	0	ND
304	-4803.280776	-4889.314318	0	0	ND
305	-4715.597098	-4841.235501	0	0	ND
306	-4627.839014	-4793.295626	0	0	ND
307	-4540.191149	-4745.151553	0	0	ND
308	-4452.543284	-4697.00748	0	0	ND
309	-4364.895419	-4648.863407	0	0	ND
310	-4277.247554	-4600.719334	0	0	ND
311	-4189.600082	-4552.574545	0	0	ND
312	-4101.773727	-4504.758068	0	0	ND
313	-4013.799761	-4457.212497	0	0	ND
314	-3926.163036	-4409.049016	0	0	ND
315	-3838.322291	-4361.259181	0	0	ND
316	-3750.362513	-4313.687367	0	0	ND
317	-3662.300766	-4266.310259	0	0	ND
318	-3572.137746	-4223.113249	0	0	ND
319	-3480.398917	-4183.31391	0	0	ND
320	-3388.658141	-4143.51906	0	0	ND
321	-3296.917366	-4103.724211	0	0	ND
322	-3205.178048	-4063.926035	0	0	ND
323	-3113.748873	-4023.420423	0	0	ND
324	-3022.036053	-3983.56121	0	0	ND
325	-2930.413349	-3943.495894	0	0	ND
326	-2838.53947	-3904.013382	0	0	ND
327	-2748.608439	-3860.382115	0	0	ND
328	-2663.765674	-3807.540836	0	0	ND
329	-2584.19058	-3747.063311	0	0	ND
330	-2505.853716	-3684.927132	0	0	ND
331	-2427.241242	-3623.120346	0	0	ND
332	-2348.628767	-3561.31356	0	0	ND
333	-2270.016292	-3499.506773	0	0	ND
334	-2191.403817	-3437.699987	0	0	ND
335	-2112.791343	-3375.893201	0	0	ND
336	-2034.178868	-3314.086415	0	0	ND
337	-1955.566393	-3252.279629	0	0	ND
338	-1876.953918	-3190.472843	0	0	ND
339	-1798.418755	-3128.567884	0	0	ND
340	-1719.904244	-3066.6367	0	0	ND
341	-1641.389733	-3004.705516	0	0	ND
342	-1562.875222	-2942.774332	0	0	ND
343	-1484.360711	-2880.843148	0	0	ND
344	-1405.846199	-2818.911964	0	0	ND
345	-1327.331688	-2756.98078	0	0	ND
346	-1248.817177	-2695.049596	0	0	ND
347	-1170.302666	-2633.118412	0	0	ND
348	-1094.782959	-2567.952587	0	0	ND
349	-1024.104314	-2497.232288	0	0	ND
350	-952.3991202	-2427.548144	0	0	ND
351	-881.363635	-2357.163772	0	0	ND
352	-810.3179878	-2286.789682	0	0	ND
353	-739.1023963	-2216.587549	0	0	ND
354	-667.8868048	-2146.385415	0	0	ND
355	-596.6712134	-2076.183282	0	0	ND
356	-525.4556219	-2005.981149	0	0	ND
357	-454.2400304	-1935.779015	0	0	ND
358	-383.024439	-1865.576882	0	0	ND
359	-311.8088475	-1795.374748	0	0	ND
360	-240.9043482	-1724.859726	0	0	ND
361	-170.2932378	-1654.04962	0	0	ND
362	-100.9866888	-1581.971726	0	0	ND
363	-32.22396649	-1509.365335	0	0	ND
364	36.53875591	-1436.758944	0	0	ND
365	105.3014783	-1364.152553	0	0	ND
366	174.0642006	-1291.546162	0	0	ND
367	242.8259049	-1218.938807	0	0	ND
368	311.486117	-1146.235573	0	0	ND
369	380.0615747	-1073.452288	0	0	ND
370	449.1517734	-1001.165914	0	0	ND
371	525.3711849	-936.6263033	0	0	ND
372	609.9864103	-883.8495767	0	0	ND
373	704.3380049	-850.8036372	0	0	ND
374	799.3371662	-819.5760954	0	0	ND
375	894.3363274	-788.3485536	0	0	ND
376	989.3354886	-757.1210118	0	0	ND
377	1084.33465	-725.89347	0	0	ND
378	1179.333811	-694.6659282	0	0	ND
379	1273.847136	-662.0764608	0	0	ND
380	1363.649554	-618.3442345	0	0	ND
381	1444.3436	-559.504629	0	0	ND
382	1514.868103	-488.7871178	0	0	ND
383	1580.765016	-413.5710925	0	0	ND
384	1635.800743	-330.4001071	0	0	ND
385	1692.662662	-248.6725948	0	0	ND
386	1757.557788	-172.5895963	0	0	ND
387	1822.452914	-96.5065977	0	0	ND
388	1887.348039	-20.4235992	0	0	ND
389	1952.243165	55.6593993	0	0	ND
390	2014.722493	133.5503952	0	0	ND
391	2078.32488	210.6091579	0	0	ND
392	2138.556792	290.134284	0	0	ND
393	2186.134395	378.0830315	0	0	ND
394	2236.305084	464.4421001	0	0	ND
395	2269.557182	558.3216182	0	0	ND
396	2295.557693	654.8823207	0	0	ND
397	2332.861617	747.6118689	0	0	ND
398	2365.130576	842.2421899	0	0	ND
399	2391.89954	938.5902065	0	0	ND
400	2417.158214	1035.345747	0	0	ND
401	2442.190449	1132.159168	0	0	ND
402	2467.415407	1228.923409	0	0	ND
403	2491.778921	1325.854401	0	0	ND
404	2508.099455	1424.458866	0	0	ND
405	2533.525233	1521.172514	0	0	ND
406	2558.924484	1617.893132	0	0	ND
407	2584.464761	1714.570729	0	0	ND
408	2611.571456	1810.74693	0	0	ND
409	2657.499236	1899.263416	0	0	ND
410	2687.221864	1994.514744	0	0	ND
411	2712.197203	2091.345691	0	0	ND
412	2738.109894	2187.924572	0	0	ND
413	2765.069509	2284.22192	0	0	ND
414	2795.087136	2379.411596	0	0	ND
415	2847.476	2464.334053	0	0	ND
416	2905.220507	2545.977007	0	0	ND
417	2962.965013	2627.619961	0	0	ND
418	3020.70952	2709.262915	0	0	ND
419	3078.970837	2790.527288	0	0	ND
420	3136.39239	2872.397705	0	0	ND
421	3193.813943	2954.268122	0	0	ND
422	3251.226273	3036.145	0	0	ND
423	3308.540315	3118.090717	0	0	ND
424	3365.944033	3199.97356	0	0	ND
425	3423.446836	3281.78693	0	0	ND
426	3485.007827	3360.464956	0	0	ND
427	3543.966891	3441.152077	0	0	ND
428	3601.735888	3522.777704	0	0	ND
429	3659.504884	3604.403332	0	0	ND
430	3717.273881	3686.028959	0	0	ND
431	3775.042877	3767.654586	0	0	ND
432	3832.811874	3849.280213	0	0	ND
433	3890.580871	3930.905841	0	0	ND
434	3948.349867	4012.531468	0	0	ND
435	4006.118864	4094.157095	0	0	ND
436	4063.887861	4175.782723	0	0	ND
437	4121.656857	4257.40835	0	0	ND
438	4179.425854	4339.033977	0	0	ND
439	4237.19485	4420.659604	0	0	ND
440	4294.963847	4502.285232	0	0	ND
441	4352.732844	4583.910859	0	0	ND
442	4410.293523	4665.678974	0	0	ND
443	4465.574278	4749.009713	0	0	ND
444	4523.955355	4830.140967	0	0	ND
445	4584.262934	4909.902837	0	0	ND
446	4633.436253	4996.747297	0	0	ND
447	4664.725205	5091.653451	0	0	ND
448	4689.588821	5188.508169	0	0	ND
449	4719.462406	5283.93358	0	0	ND
450	4756.433671	5376.789671	0	0	ND
451	4800.355184	5466.607777	0	0	ND
452	4849.523085	5553.654135	0	0	ND
453	4904.071154	5637.463874	0	0	ND
454	4960.26094	5720.1788	0	0	ND
455	5017.126561	5802.436329	0	0	ND
456	5073.992183	5884.693858	0	0	ND
457	5130.691926	5967.06499	0	0	ND
458	5186.835116	6049.817285	0	0	ND
459	5242.978305	6132.569579	0	0	ND
460	5299.121495	6215.321874	0	0	ND
461	5355.264685	6298.074168	0	0	ND
462	5411.666083	6380.650222	0	0	ND
463	5468.272611	6463.086264	0	0	ND
464	5524.879139	6545.522306	0	0	ND
465	5581.280357	6628.098359	0	0	ND
466	5637.355692	6710.896649	0	0	ND
467	5693.431028	6793.694938	0	0	ND
468	5749.506364	6876.493227	0	0	ND
469	5805.75041	6959.176901	0	0	ND
470	5862.065176	7041.812529	0	0	ND
471	5918.379943	7124.448158	0	0	ND
472	5974.765433	7207.035502	0	0	ND
473	6031.219079	7289.576315	0	0	ND
474	6087.672725	7372.117128	0	0	ND
475	6145.306918	7453.814301	0	0	ND
476	6210.674532	7529.323975	0	0	ND
477	6282.961558	7598.364649	0	0	ND
478	6361.231351	7660.558445	0	0	ND
479	6440.993652	7720.874076	0	0	ND
480	6520.755953	7781.189707	0	0	ND
481	6600.68974	7841.276916	0	0	ND
482	6680.546985	7901.466785	0	0	ND
483	6760.403992	7961.65697	0	0	ND
484	6840.261	8021.847155	0	0	ND
485	6920.118007	8082.03734	0	0	ND
486	6999.975014	8142.227525	0	0	ND
487	7079.832022	8202.41771	0	0	ND
488	7159.663184	8262.642162	0	0	ND
489	7239.481578	8322.883544	0	0	ND
490	7319.924457	8382.274345	0	0	ND
491	7399.760722	8442.49204	0	0	ND
492	7479.596988	8502.709734	0	0	ND
493	7559.433254	8562.927428	0	0	ND
494	7639.349021	8623.039555	0	0	ND
495	7719.275067	8683.138035	0	0	ND
496	7799.137984	8743.320358	0	0	ND
497	7878.987544	8803.520424	0	0	ND
498	7958.837103	8863.720489	0	0	ND
499	8038.840743	8923.715159	0	0	ND
500	8118.726276	8983.867479	0	0	ND
501	8198.61181	9044.019798	0	0	ND
502	8278.497343	9104.172117	0	0	ND
503	8358.382877	9164.324437	0	0	ND
504	8438.26841	9224.476756	0	0	ND
505	8518.153944	9284.629076	0	0	ND
506	8598.039477	9344.781395	0	0	ND
507	8677.925011	9404.933715	0	0	ND
508	8757.810544	9465.086034	0	0	ND
509	8837.696078	9525.238354	0	0	ND
510	8917.581611	9585.390673	0	0	ND
511	8997.467145	9645.542992	0	0	ND
512	9077.352678	9705.695312	0	0	ND
513	9157.238212	9765.847631	0	0	ND
514	9237.123745	9825.999951	0	0	ND
515	9317.009279	9886.15227	0	0	ND
516	9396.894812	9946.30459	0	0	ND
517	9476.780346	10006.45691	0	0	ND
518	9556.66588	10066.60923	0	0	ND
519	9636.551413	10126.76155	0	0	ND
520	9716.436947	10186.91387	0	0	ND
521	9796.32248	10247.06619	0	0	ND
522	9876.208014	10307.21851	0	0	ND
523	9956.093547	10367.37083	0	0	ND
524	10035.97908	10427.52315	0	0	ND
525	10115.87486	10487.66018	0	0	ND
526	10195.98499	10547.51305	0	0	ND
527	10276.09513	10607.36592	0	0	ND
528	10356.20526	10667.21879	0	0	ND
529	10436.38277	10726.98064	0	0	ND
530	10516.27617	10787.12253	0	0	ND
531	10596.16956	10847.26441	0	0	ND
532	10676.06295	10907.40629	0	0	ND
533	10755.95634	10967.54818	0	0	ND
534	10835.84973	11027.69006	0	0	ND
535	10915.74312	11087.83194	0	0	ND
536	10995.63651	11147.97382	0	0	ND
537	11075.39637	11208.28664	0	0	ND
538	11155.36346	11268.33049	0	0	ND
539	11235.33052	11328.37439	0	0	ND
540	11315.29757	11388.41829	0	0	ND
541	11395.26463	11448.46219	0	0	ND
542	11475.23168	11508.5061	0	0	ND
543	11555.19874	11568.55	0	0	ND
544	11635.16579	11628.5939	0	0	ND
545	11715.00184	11688.81158	0	0	ND
546	11794.73518	11749.16549	0	0	ND
547	11874.46852	11809.5194	0	0	ND
548	11957.14268	11865.71601	0	0	ND
549	12042.82864	11917.26034	0	0	ND
550	12128.89706	11968.17399	0	0	ND
551	12215.00522	12019.02066	0	0	ND
552	12301.11339	12069.86733	0	0	ND
553	12387.37929	12120.44537	0	0	ND
554	12473.04005	12172.03725	0	0	ND
555	12559.09431	12222.97256	0	0	ND
556	12645.02546	12274.11781	0	0	ND
557	12730.95662	12325.26306	0	0	ND
558	12816.88778	12376.4083	0	0	ND
559	12902.88513	12427.44182	0	0	ND
560	12989.02168	12478.24039	0	0	ND
561	13075.15823	12529.03895	0	0	ND
562	13161.29479	12579.83752	0	0	ND
563	13247.43134	12630.63609	0	0	ND
564	13333.56789	12681.43465	0	0	ND
565	13419.70444	12732.23322	0	0	ND
566	13505.95969	12782.82594	0	0	ND
567	13591.94566	12833.87897	0	0	ND
568	13677.93164	12884.932	0	0	ND
569	13762.59991	12937.99964	0	0	ND
570	13846.6478	12992.01994	0	0	ND
571	13933.34661	13041.85283	0	0	ND
572	14022.46104	13087.13516	0	0	ND
573	14112.81012	13129.99535	0	0	ND
574	14203.10587	13172.96833	0	0	ND
575	14293.44547	13215.84662	0	0	ND
576	14385.084	13255.87328	0	0	ND
577	14476.81138	13295.699	0	0	ND
578	14564.6663	13342.66591	0	0	ND
579	14642.96029	13404.69127	0	0	ND
580	14718.34268	13470.3989	0	0	ND
581	14793.70708	13536.12718	0	0	ND
582	14874.52544	13594.71335	0	0	ND
583	14967.01519	13631.75553	0	0	ND
584	15064.34297	13654.7141	0	0	ND
585	15161.73788	13677.39078	0	0	ND
586	15259.13279	13700.06747	0	0	ND
587	15356.5277	13722.74416	0	0	ND
588	15453.79789	13745.94797	0	0	ND
589	15551.02843	13769.31933	0	0	ND
590	15648.25967	13792.68766	0	0	ND
591	15745.76215	13814.8781	0	0	ND
592	15843.11059	13837.75344	0	0	ND
593	15940.75566	13859.23528	0	0	ND
594	16040.17017	13869.00086	0	0	ND
595	16140.16535	13869.73208	0	0	ND
596	16240.1648	13870.06185	0	0	ND
597	16340.16426	13870.39163	0	0	ND
598	16440.16371	13870.72141	0	0	ND
599	16539.81015	13864.41972	0	0	ND
600	16636.63989	13839.90459	0	0	ND
601	16732.47981	13811.36146	0	0	ND
602	16828.09255	13782.09188	0	0	ND
603	16913.99363	13732.3838	0	0	ND
604	16990.63794	13668.15793	0	0	ND
605	17065.44231	13601.79298	0	0	ND
606	17137.80465	13532.85252	0	0	ND
607	17209.07238	13462.76348	0	0	ND
608	17284.74336	13397.38868	0	0	ND
609	17360.26999	13331.84697	0	0	ND
610	17435.9038	13266.42889	0	0	ND
611	17511.53762	13201.01081	0	0	ND
612	17592.28036	13142.1957	0	0	ND
613	17681.93915	13098.16679	0	0	ND
614	17775.58677	13063.16672	0	0	ND
615	17869.90917	13029.95267	0	0	ND
616	17964.48826	12997.47847	0	0	ND
617	18059.17988	12965.33042	0	0	ND
618	18153.7736	12932.89696	0	0	ND
619	18248.26134	12900.15452	0	0	ND
620	18342.74907	12867.41208	0	0	ND
621	18437.23681	12834.66964	0	0	ND
622	18531.91669	12802.49073	0	0	ND
623	18627.78301	12774.12306	0	0	ND
624	18726.35324	12757.47727	0	0	ND
625	18826.19508	12753.55467	0	0	ND
626	18925.76122	12761.89393	0	0	ND
627	19023.92386	12780.75481	0	0	ND
628	19121.40032	12803.07105	0	0	ND
629	19217.5352	12830.34843	0	0	ND
630	19309.49974	12869.32993	0	0	ND
631	19396.9301	12917.84812	0	0	ND
632	19484.0279	12966.97971	0	0	ND
633	19571.25522	13015.88158	0	0	ND
634	19658.48255	13064.78346	0	0	ND
635	19745.70988	13113.68533	0	0	ND
636	19832.93721	13162.58721	0	0	ND
637	19920.16453	13211.48908	0	0	ND
638	20007.39186	13260.39096	0	0	ND
639	20094.61919	13309.29283	0	0	ND
640	20181.84651	13358.19471	0	0	ND
641	20269.13153	13406.99347	0	0	ND
642	20356.44261	13455.74566	0	0	ND
643	20443.75368	13504.49785	0	0	ND
644	20531.06476	13553.25005	0	0	ND
645	20618.18712	13602.33837	0	0	ND
646	20705.71322	13650.70124	0	0	ND
647	20793.35283	13698.86035	0	0	ND
648	20880.99243	13747.01946	0	0	ND
649	20967.95851	13796.36051	0	0	ND
650	21054.25427	13846.87749	0	0	ND
651	21141.70866	13895.3701	0	0	ND
652	21228.96735	13944.21599	0	0	ND
653	21316.22603	13993.06189	0	0	ND
654	21403.48472	14041.90779	0	0	ND
655	21490.76324	14090.71817	0	0	ND
656	21578.0658	14139.48558	0	0	ND
657	21665.35525	14188.27649	0	0	ND
658	21752.64469	14237.06739	0	0	ND
659	21839.93414	14285.85829	0	0	ND
660	21927.22359	14334.64919	0	0	ND
661	22014.51304	14383.44009	0	0	ND
662	22101.80249	14432.23099	0	0	ND
663	22189.09194	14481.0219	0	0	ND
664	22276.38139	14529.8128	0	0	ND
665	22363.67084	14578.6037	0	0	ND
666	22450.96029	14627.3946	0	0	ND
667	22538.24974	14676.1855	0	0	ND
668	22625.53812	14724.97831	0	0	ND
669	22712.77192	14773.86862	0	0	ND
670	22800.08944	14822.60918	0	0	ND
671	22888.00175	14870.23834	0	0	ND
672	22978.13216	14913.51687	0	0	ND
673	23070.18541	14952.55467	0	0	ND
674	23164.12872	14986.81085	0	0	ND
675	23258.48278	15019.93653	0	0	ND
676	23352.83684	15053.0622	0	0	ND
677	23447.19091	15086.18788	0	0	ND
678	23541.54497	15119.31356	0	0	ND
679	23635.89904	15152.43924	0	0	ND
680	23730.2531	15185.56492	0	0	ND
681	23824.34915	15219.40541	0	0	ND
682	23916.96331	15257.07918	0	0	ND
683	24007.59068	15299.29313	0	0	ND
684	24095.70505	15346.55998	0	0	ND
685	24181.08526	15398.5699	0	0	ND
686	24263.87238	15454.64607	0	0	ND
687	24345.62605	15512.23372	0	0	ND
688	24427.37972	15569.82137	0	0	ND
689	24509.13339	15627.40902	0	0	ND
690	24590.88706	15684.99667	0	0	ND
691	24672.64073	15742.58432	0	0	ND
692	24754.3944	15800.17197	0	0	ND
693	24836.14807	15857.75962	0	0	ND
694	24917.90173	15915.34728	0	0	ND
695	24999.6554	15972.93493	0	0	ND
696	25081.40907	16030.52258	0	0	ND
697	25163.12547	16088.16297	0	0	ND
698	25244.96231	16145.63238	0	0	ND
699	25326.77637	16203.13414	0	0	ND
700	25408.05137	16261.39199	0	0	ND
701	25483.44406	16327.01923	0	0	ND
702	25557.14611	16394.60628	0	0	ND
703	25633.50767	16459.08113	0	0	ND
704	25714.5548	16517.65131	0	0	ND
705	25796.35285	16575.17483	0	0	ND
706	25878.26877	16632.53146	0	0	ND
707	25960.18468	16689.88809	0	0	ND
708	26042.1006	16747.24472	0	0	ND
709	26124.01651	16804.60135	0	0	ND
710	26205.93242	16861.95798	0	0	ND
711	26287.84834	16919.31461	0	0	ND
712	26369.76425	16976.67125	0	0	ND
713	26451.68016	17034.02788	0	0	ND
714	26533.59608	17091.38451	0	0	ND
715	26615.51199	17148.74114	0	0	ND
716	26697.4279	17206.09777	0	0	ND
717	26779.51473	17263.19958	0	0	ND
718	26864.41059	17316.0285	0	0	ND
719	26951.98854	17364.27701	0	0	ND
720	27041.47064	17408.89755	0	0	ND
721	27131.87064	17451.65079	0	0	ND
722	27222.568	17493.76928	0	0	ND
723	27313.27908	17535.85847	0	0	ND
724	27403.99016	17577.94765	0	0	ND
725	27494.70124	17620.03684	0	0	ND
726	27585.41233	17662.12602	0	0	ND
727	27676.12341	17704.2152	0	0	ND
728	27766.83449	17746.30439	0	0	ND
729	27857.54558	17788.39357	0	0	ND
730	27948.25666	17830.48276	0	0	ND
731	28038.96774	17872.57194	0	0	ND
732	28129.67883	17914.66112	0	0	ND
733	28220.45564	17956.60834	0	0	ND
734	28311.23601	17998.54788	0	0	ND
735	28402.01637	18040.48742	0	0	ND
736	28492.79674	18082.42696	0	0	ND
737	28583.56204	18124.39902	0	0	ND
738	28674.26484	18166.50606	0	0	ND
739	28762.71408	18213.07958	0	0	ND
740	28848.10951	18265.08391	0	0	ND
741	28933.43338	18317.21202	0	0	ND
742	29026.51289	18352.09902	0	0	ND
743	29123.82885	18375.04198	0	0	ND
744	29215.75545	18413.51073	0	0	ND
745	29298.97758	18468.88593	0	0	ND
746	29382.23314	18524.23672	0	0	ND
747	29472.54731	18566.80172	0	0	ND
748	29565.59898	18603.30138	0	0	ND
749	29655.13719	18647.67616	0	0	ND
750	29742.51273	18689.05513	1	0	ND
