This is the node file of route1
1500	1	1
1	519257.2768868	4567681.3168768	1	0	ND
2	519302.9878030	4567701.5779760	0	0	ND
3	519346.6251284	4567725.9783134	0	0	ND
4	519391.7050996	4567747.5519082	0	0	ND
5	519433.9227123	4567774.2767412	0	0	ND
6	519472.8545339	4567805.6458938	0	0	ND
7	519513.0110314	4567835.3745469	0	0	ND
8	519555.3158845	4567862.0259897	0	0	ND
9	519597.7268782	4567888.5061442	0	0	ND
10	519640.5963866	4567914.2364922	0	0	ND
11	519685.5284446	4567935.8689313	0	0	ND
12	519733.5737079	4567949.5856095	0	0	ND
13	519782.5391041	4567959.7004305	0	0	ND
14	519831.1946355	4567971.1928646	0	0	ND
15	519879.7627314	4567983.0731029	0	0	ND
16	519928.3308273	4567994.9533411	0	0	ND
17	519976.9485524	4568006.6242042	0	0	ND
18	520025.5653670	4568018.3003097	0	0	ND
19	520074.0913365	4568030.3498837	0	0	ND
20	520121.9135784	4568044.9003941	0	0	ND
21	520169.6843604	4568059.5919548	0	0	ND
22	520218.2978010	4568071.2289071	0	0	ND
23	520266.4731825	4568084.4883949	0	0	ND
24	520313.5828231	4568101.2217190	0	0	ND
25	520361.0529566	4568116.8306469	0	0	ND
26	520409.6095073	4568128.7579845	0	0	ND
27	520458.1660581	4568140.6853220	0	0	ND
28	520506.3244720	4568154.1145429	0	0	ND
29	520553.4746418	4568170.7293775	0	0	ND
30	520599.5533702	4568190.0839997	0	0	ND
31	520643.2923130	4568214.2807471	0	0	ND
32	520685.6730807	4568240.8042589	0	0	ND
33	520730.2285153	4568263.2982422	0	0	ND
34	520776.8798790	4568281.2863733	0	0	ND
35	520823.9507375	4568298.1374073	0	0	ND
36	520871.1543687	4568314.6242870	0	0	ND
37	520918.4626394	4568330.8071435	0	0	ND
38	520965.8884902	4568346.6206246	0	0	ND
39	521014.0867744	4568359.8786299	0	0	ND
40	521062.6060229	4568371.9568136	0	0	ND
41	521111.1252714	4568384.0349974	0	0	ND
42	521159.6445199	4568396.1131812	0	0	ND
43	521208.1637685	4568408.1913649	0	0	ND
44	521256.6830170	4568420.2695487	0	0	ND
45	521305.2022655	4568432.3477324	0	0	ND
46	521353.7215140	4568444.4259162	0	0	ND
47	521402.2407625	4568456.5041000	0	0	ND
48	521450.9378291	4568467.8024949	0	0	ND
49	521500.3647129	4568475.2356434	0	0	ND
50	521549.9791334	4568481.4279497	0	0	ND
51	521599.7961935	4568485.1764320	0	0	ND
52	521649.6103697	4568488.9709965	0	0	ND
53	521698.9588893	4568496.8946701	0	0	ND
54	521746.5751749	4568511.8483152	0	0	ND
55	521793.0811547	4568530.1481822	0	0	ND
56	521842.0229583	4568540.0499198	0	0	ND
57	521891.6098091	4568546.3961831	0	0	ND
58	521940.7725703	4568555.4750057	0	0	ND
59	521989.1885741	4568567.6615946	0	0	ND
60	522034.6109493	4568588.3492642	0	0	ND
61	522075.3314246	4568617.2810605	0	0	ND
62	522113.9839678	4568648.9949936	1	0	ND
63	522152.5459925	4568680.8221872	0	0	ND
64	522192.3701719	4568710.9824101	0	0	ND
65	522234.2938555	4568738.0713655	0	0	ND
66	522270.9583903	4568772.0666668	0	0	ND
67	522300.9241529	4568812.0673191	0	0	ND
68	522330.3020688	4568852.5256299	0	0	ND
69	522359.6453724	4568893.0095389	0	0	ND
70	522388.9102968	4568933.5504342	0	0	ND
71	522417.8582086	4568974.3132552	0	0	ND
72	522445.9363890	4569015.6849337	0	0	ND
73	522473.9824778	4569057.0783545	0	0	ND
74	522501.9940639	4569098.4951512	0	0	ND
75	522529.9447491	4569139.9530361	0	0	ND
76	522557.8619384	4569181.4335200	0	0	ND
77	522585.7791277	4569222.9140039	0	0	ND
78	522613.6963170	4569264.3944878	0	0	ND
79	522641.6135063	4569305.8749716	0	0	ND
80	522669.5306956	4569347.3554555	0	0	ND
81	522697.4478849	4569388.8359394	0	0	ND
82	522725.3650742	4569430.3164232	0	0	ND
83	522753.2822634	4569471.7969071	0	0	ND
84	522781.1994527	4569513.2773910	0	0	ND
85	522809.1166420	4569554.7578748	0	0	ND
86	522837.0338313	4569596.2383587	0	0	ND
87	522864.9510206	4569637.7188426	0	0	ND
88	522892.8682099	4569679.1993264	0	0	ND
89	522920.7853992	4569720.6798103	0	0	ND
90	522948.7025885	4569762.1602942	0	0	ND
91	522976.6197778	4569803.6407781	0	0	ND
92	523004.5369671	4569845.1212619	0	0	ND
93	523032.4541564	4569886.6017458	0	0	ND
94	523060.3713457	4569928.0822297	0	0	ND
95	523088.2885350	4569969.5627135	0	0	ND
96	523116.2057242	4570011.0431974	0	0	ND
97	523144.1229135	4570052.5236813	0	0	ND
98	523172.0401028	4570094.0041651	0	0	ND
99	523200.0471469	4570135.4237940	0	0	ND
100	523228.2054668	4570176.7409698	0	0	ND
101	523256.3637867	4570218.0581457	0	0	ND
102	523284.5221066	4570259.3753215	0	0	ND
103	523312.6804265	4570300.6924974	0	0	ND
104	523340.8387464	4570342.0096733	0	0	ND
105	523368.9970663	4570383.3268491	0	0	ND
106	523397.1553862	4570424.6440250	0	0	ND
107	523425.3137061	4570465.9612008	0	0	ND
108	523453.5380611	4570507.2284963	0	0	ND
109	523485.4662978	4570545.6989392	0	0	ND
110	523514.0393306	4570586.7304120	0	0	ND
111	523542.5996764	4570627.7600837	0	0	ND
112	523574.5703961	4570666.1886113	0	0	ND
113	523604.7884517	4570706.0148355	0	0	ND
114	523637.9669006	4570743.3733139	0	0	ND
115	523674.6880116	4570777.3020389	0	0	ND
116	523712.4553958	4570810.0611386	0	0	ND
117	523748.6545624	4570844.4679598	0	0	ND
118	523784.6822314	4570879.0537935	0	0	ND
119	523822.2401325	4570912.0571931	0	0	ND
120	523859.9952617	4570944.8361958	0	0	ND
121	523897.6388444	4570977.7430509	0	0	ND
122	523936.0720444	4571009.7211201	0	0	ND
123	523974.1989840	4571042.0627583	0	0	ND
124	524011.9554356	4571074.8406170	0	0	ND
125	524049.4474723	4571107.9215358	0	0	ND
126	524087.2806824	4571140.6112572	0	0	ND
127	524125.1522838	4571173.2569585	0	0	ND
128	524163.0238851	4571205.9026598	0	0	ND
129	524200.8956432	4571238.5481792	0	0	ND
130	524238.7675865	4571271.1934838	0	0	ND
131	524276.3629032	4571304.1559139	0	0	ND
132	524313.8483097	4571337.2443454	0	0	ND
133	524351.3337162	4571370.3327769	0	0	ND
134	524388.8838143	4571403.3476934	0	0	ND
135	524426.5891515	4571436.1850705	0	0	ND
136	524464.3462847	4571468.9630950	1	0	ND
137	524502.1034180	4571501.7411194	0	0	ND
138	524539.9263560	4571534.4418976	0	0	ND
139	524578.0792179	4571566.7556394	0	0	ND
140	524615.8059807	4571599.5683352	0	0	ND
141	524653.0246160	4571632.9212381	0	0	ND
142	524687.3155790	4571669.3058806	0	0	ND
143	524724.9799951	4571702.1903676	0	0	ND
144	524761.0986773	4571736.6929434	0	0	ND
145	524793.1052697	4571775.0360330	0	0	ND
146	524820.0971830	4571817.0649585	0	0	ND
147	524843.3121305	4571861.3030119	0	0	ND
148	524861.9637763	4571907.6684335	0	0	ND
149	524877.6919446	4571955.1110505	0	0	ND
150	524888.0691823	4572003.9969555	0	0	ND
151	524893.6537411	4572053.6476206	0	0	ND
152	524897.4928685	4572103.4786560	0	0	ND
153	524900.2243446	4572153.4039906	0	0	ND
154	524902.0282865	4572203.3659463	0	0	ND
155	524903.3990717	4572253.3471523	0	0	ND
156	524904.7698569	4572303.3283582	0	0	ND
157	524908.8459161	4572353.1328811	0	0	ND
158	524916.9232065	4572402.4666647	0	0	ND
159	524927.2402675	4572451.3685364	0	0	ND
160	524941.7550191	4572499.1932309	0	0	ND
161	524959.8979810	4572545.7364471	0	0	ND
162	524981.3743540	4572590.8688283	0	0	ND
163	525006.0782765	4572634.3179051	0	0	ND
164	525033.8013344	4572675.9110724	0	0	ND
165	525065.1997817	4572714.7776995	0	0	ND
166	525099.5237551	4572751.1107722	0	0	ND
167	525136.0199040	4572785.2652262	0	0	ND
168	525173.2180116	4572818.6762765	0	0	ND
169	525211.1386630	4572851.2615238	0	0	ND
170	525249.2001946	4572883.6855860	0	0	ND
171	525287.4486105	4572915.8884376	0	0	ND
172	525325.7427661	4572948.0373326	0	0	ND
173	525363.9575569	4572980.2806227	0	0	ND
174	525402.1723477	4573012.5239129	0	0	ND
175	525440.5389388	4573044.5860110	0	0	ND
176	525478.9776901	4573076.5619769	0	0	ND
177	525517.4164414	4573108.5379429	0	0	ND
178	525555.6779261	4573140.7215190	0	0	ND
179	525592.3172761	4573174.7202088	0	0	ND
180	525625.1004598	4573212.4376899	0	0	ND
181	525654.4432148	4573252.8883473	0	0	ND
182	525681.0774067	4573295.1841210	0	0	ND
183	525706.3002094	4573338.3557841	0	0	ND
184	525730.3587313	4573382.1836344	0	0	ND
185	525754.2074398	4573426.1295000	0	0	ND
186	525778.0561482	4573470.0753656	0	0	ND
187	525801.9048567	4573514.0212313	0	0	ND
188	525825.7535652	4573557.9670969	0	0	ND
189	525849.6022736	4573601.9129625	0	0	ND
190	525873.4509821	4573645.8588281	0	0	ND
191	525897.2996906	4573689.8046937	0	0	ND
192	525921.1483990	4573733.7505593	0	0	ND
193	525944.9971075	4573777.6964249	0	0	ND
194	525968.8458160	4573821.6422905	0	0	ND
195	525992.6945244	4573865.5881562	0	0	ND
196	526016.5432329	4573909.5340218	0	0	ND
197	526040.3919414	4573953.4798874	0	0	ND
198	526063.3837709	4573997.8797001	0	0	ND
199	526085.1350340	4574042.8875609	0	0	ND
200	526104.7133051	4574088.8744540	0	0	ND
201	526118.8830229	4574136.8147981	0	0	ND
202	526131.8830613	4574185.0952186	0	0	ND
203	526144.5935683	4574233.4473631	0	0	ND
204	526159.9494140	4574281.0309527	0	0	ND
205	526176.7144087	4574328.1348230	0	0	ND
206	526193.5813817	4574375.2039766	0	0	ND
207	526208.2991238	4574422.9526896	0	0	ND
208	526219.9580106	4574471.5742031	1	0	ND
209	526231.5964201	4574520.2008154	0	0	ND
210	526243.1876030	4574568.8386554	0	0	ND
211	526254.6785519	4574617.5003250	0	0	ND
212	526265.8949186	4574666.2236877	0	0	ND
213	526276.3241360	4574715.1239068	0	0	ND
214	526286.7528427	4574764.0242346	0	0	ND
215	526297.6722516	4574812.8162875	0	0	ND
216	526308.7822539	4574861.5663423	0	0	ND
217	526319.8922562	4574910.3163972	0	0	ND
218	526331.0216586	4574959.0619294	0	0	ND
219	526342.6149899	4575007.6993088	0	0	ND
220	526354.2083212	4575056.3366881	0	0	ND
221	526365.5685542	4575105.0278217	0	0	ND
222	526376.4456100	4575153.8303796	0	0	ND
223	526388.0517119	4575202.4497096	0	0	ND
224	526403.7477077	4575249.8635040	0	0	ND
225	526423.4847941	4575295.7894691	0	0	ND
226	526448.4157693	4575339.1024501	0	0	ND
227	526476.0255360	4575380.7859185	0	0	ND
228	526503.9693838	4575422.2484482	0	0	ND
229	526532.5626641	4575463.2358263	0	0	ND
230	526564.9298906	4575501.3209511	0	0	ND
231	526600.5511592	4575536.3361082	0	0	ND
232	526638.8595625	4575568.4606128	0	0	ND
233	526677.7538747	4575599.8807574	0	0	ND
234	526713.3586689	4575634.8710477	0	0	ND
235	526738.2418791	4575677.9277580	0	0	ND
236	526753.9201733	4575725.3459580	0	0	ND
237	526767.3071444	4575773.5205260	0	0	ND
238	526780.6941156	4575821.6950940	0	0	ND
239	526794.0810868	4575869.8696620	0	0	ND
240	526807.4821329	4575918.0401862	0	0	ND
241	526821.7076306	4575965.9738405	0	0	ND
242	526835.1957874	4576014.1168362	0	0	ND
243	526845.8067485	4576062.9572641	0	0	ND
244	526853.2292472	4576112.3981756	0	0	ND
245	526860.4548385	4576161.8573341	0	0	ND
246	526865.6954269	4576211.5693813	0	0	ND
247	526874.8527788	4576260.6980827	0	0	ND
248	526880.4677602	4576310.3790546	0	0	ND
249	526885.7158596	4576360.1028664	0	0	ND
250	526890.9639590	4576409.8266781	0	0	ND
251	526899.1551809	4576459.1237481	0	0	ND
252	526912.9233328	4576507.1027652	0	0	ND
253	526933.7181131	4576552.4895446	0	0	ND
254	526961.5415217	4576594.0120176	0	0	ND
255	526992.0381356	4576633.6128507	0	0	ND
256	527020.3963743	4576674.7613111	0	0	ND
257	527051.5647120	4576713.8061666	0	0	ND
258	527083.5119152	4576752.2688264	0	0	ND
259	527115.4591185	4576790.7314863	0	0	ND
260	527147.0365892	4576829.4980576	0	0	ND
261	527178.5877532	4576868.2862523	0	0	ND
262	527210.1389172	4576907.0744469	0	0	ND
263	527241.6900813	4576945.8626416	0	0	ND
264	527273.2412453	4576984.6508363	0	0	ND
265	527304.7924094	4577023.4390310	0	0	ND
266	527336.3435734	4577062.2272257	0	0	ND
267	527368.1115312	4577100.8366562	0	0	ND
268	527400.1689125	4577139.2070251	0	0	ND
269	527431.7691393	4577177.9549074	0	0	ND
270	527463.5036201	4577216.5932656	0	0	ND
271	527495.2381010	4577255.2316238	0	0	ND
272	527526.9725818	4577293.8699820	0	0	ND
273	527558.7070627	4577332.5083402	0	0	ND
274	527590.4415435	4577371.1466985	0	0	ND
275	527622.1760244	4577409.7850567	0	0	ND
276	527653.9105052	4577448.4234149	0	0	ND
277	527685.6449861	4577487.0617731	0	0	ND
278	527717.3794669	4577525.7001313	0	0	ND
279	527749.1139478	4577564.3384895	0	0	ND
280	527780.8484286	4577602.9768477	0	0	ND
281	527812.5829095	4577641.6152059	0	0	ND
282	527844.3173903	4577680.2535642	0	0	ND
283	527876.0518712	4577718.8919224	0	0	ND
284	527907.8680623	4577757.4618525	0	0	ND
285	527939.7814218	4577795.9519481	0	0	ND
286	527971.6357797	4577834.4915366	0	0	ND
287	528003.4901377	4577873.0311250	0	0	ND
288	528035.9165704	4577911.0815777	0	0	ND
289	528070.8019052	4577946.8528888	0	0	ND
290	528108.6522753	4577979.5172041	0	0	ND
291	528148.6681818	4578009.4375859	0	0	ND
292	528190.6348117	4578036.6184763	0	0	ND
293	528232.6203167	4578063.7702234	0	0	ND
294	528274.8617082	4578090.5198294	0	0	ND
295	528317.2421057	4578117.0509792	0	0	ND
296	528359.6118742	4578143.5990681	0	0	ND
297	528401.9366380	4578170.2188798	0	0	ND
298	528444.3106688	4578196.7601636	0	0	ND
299	528486.6947842	4578223.2853736	0	0	ND
300	528529.2898410	4578249.4544209	0	0	ND
301	528573.0601032	4578273.6179962	0	0	ND
302	528618.6109949	4578294.0229025	0	0	ND
303	528666.0148004	4578309.8435210	0	0	ND
304	528714.0595886	4578323.6890376	0	0	ND
305	528762.9643343	4578334.0070424	0	0	ND
306	528812.7843511	4578337.8662019	0	0	ND
307	528862.7619702	4578339.0042528	0	0	ND
308	528912.5475707	4578334.7404481	0	0	ND
309	528961.8726560	4578326.6192130	0	0	ND
310	529010.4043428	4578314.6865435	0	0	ND
311	529057.9296605	4578299.1761482	0	0	ND
312	529104.4903170	4578281.0000999	0	0	ND
313	529150.7023663	4578261.9096179	0	0	ND
314	529196.9144156	4578242.8191359	0	0	ND
315	529243.7670429	4578225.4293291	0	0	ND
316	529291.4089225	4578210.2955950	0	0	ND
317	529339.8568977	4578198.0108111	0	0	ND
318	529389.0075564	4578188.8562624	0	0	ND
319	529438.8580849	4578184.9929973	0	0	ND
320	529488.8335627	4578185.8788813	0	0	ND
321	529538.6926648	4578189.5252562	0	0	ND
322	529588.0803888	4578197.2100823	0	0	ND
323	529636.4344865	4578209.4585206	0	0	ND
324	529683.7769673	4578225.5075842	0	0	ND
325	529729.6325200	4578245.4278922	0	0	ND
326	529773.8105126	4578268.7317848	0	0	ND
327	529815.7450898	4578295.9615596	0	0	ND
328	529854.8353014	4578327.0955771	0	0	ND
329	529892.4204520	4578360.0257207	0	0	ND
330	529925.3696619	4578397.6183533	0	0	ND
331	529955.5801167	4578437.4154684	0	0	ND
332	529982.3571619	4578479.5853960	0	0	ND
333	530007.6980479	4578522.6880583	0	0	ND
334	530033.0389338	4578565.7907206	0	0	ND
335	530058.3798198	4578608.8933829	0	0	ND
336	530083.7207058	4578651.9960452	0	0	ND
337	530109.2074388	4578695.0124823	0	0	ND
338	530135.0949298	4578737.7885029	0	0	ND
339	530161.0911350	4578780.4991258	0	0	ND
340	530187.0873402	4578823.2097488	0	0	ND
341	530213.0835455	4578865.9203718	0	0	ND
342	530239.5688798	4578908.3225027	0	0	ND
343	530268.3983541	4578949.1318706	0	0	ND
344	530302.6038674	4578985.4640080	0	0	ND
345	530342.3171567	4579015.7180793	0	0	ND
346	530386.6856082	4579038.6328053	0	0	ND
347	530434.1603320	4579053.9621647	0	0	ND
348	530483.5542586	4579060.9008252	0	0	ND
349	530533.4987303	4579059.1175969	0	0	ND
350	530582.9925972	4579052.0741616	0	0	ND
351	530632.3479788	4579044.0712683	0	0	ND
352	530681.6389618	4579035.6824575	0	0	ND
353	530730.9389488	4579027.3451151	0	0	ND
354	530780.2389358	4579019.0077728	0	0	ND
355	530829.5389229	4579010.6704304	0	0	ND
356	530878.8389099	4579002.3330881	0	0	ND
357	530928.1388970	4578993.9957458	0	0	ND
358	530977.4388840	4578985.6584034	0	0	ND
359	531026.7388711	4578977.3210611	0	0	ND
360	531076.0388581	4578968.9837187	0	0	ND
361	531125.3388452	4578960.6463764	0	0	ND
362	531174.5312082	4578951.7175299	0	0	ND
363	531223.6083058	4578942.1551825	0	0	ND
364	531273.0064153	4578934.4443892	0	0	ND
365	531322.7068185	4578929.8307170	0	0	ND
366	531372.6768858	4578928.3653000	0	0	ND
367	531422.5523721	4578931.5357111	0	0	ND
368	531471.8356310	4578939.6137603	0	0	ND
369	531520.3701864	4578951.6101067	0	0	ND
370	531568.0168716	4578966.6207853	0	0	ND
371	531613.8926505	4578986.4245327	0	0	ND
372	531659.3715633	4579007.2011660	0	0	ND
373	531704.8504760	4579027.9777994	0	0	ND
374	531750.3293888	4579048.7544327	0	0	ND
375	531795.8083016	4579069.5310660	0	0	ND
376	531841.2872144	4579090.3076994	0	0	ND
377	531886.7661271	4579111.0843327	0	0	ND
378	531932.2450399	4579131.8609661	0	0	ND
379	531977.7239527	4579152.6375994	0	0	ND
380	532023.1338607	4579173.5645450	0	0	ND
381	532068.5356889	4579194.5090906	0	0	ND
382	532113.9375172	4579215.4536363	0	0	ND
383	532158.6378420	4579237.8283066	0	0	ND
384	532201.6000780	4579263.2199269	0	0	ND
385	532246.0874890	4579285.8877338	0	0	ND
386	532289.2101630	4579310.8316715	0	0	ND
387	532334.6557383	4579331.6811245	0	0	ND
388	532380.1013135	4579352.5305776	0	0	ND
389	532425.5468887	4579373.3800306	0	0	ND
390	532470.9924640	4579394.2294836	0	0	ND
391	532516.4380392	4579415.0789366	0	0	ND
392	532562.1498287	4579435.3067438	0	0	ND
393	532609.2084912	4579451.9584557	0	0	ND
394	532653.0782038	4579475.8517509	0	0	ND
395	532692.2232446	4579506.7884837	0	0	ND
396	532728.4365378	4579541.2639240	0	0	ND
397	532759.2748424	4579580.5397188	0	0	ND
398	532787.6751327	4579621.6909461	0	0	ND
399	532819.6482755	4579660.0663005	0	0	ND
400	532845.1412329	4579703.0791953	0	0	ND
401	532875.0084561	4579743.0276134	0	0	ND
402	532901.4354824	4579785.4730169	0	0	ND
403	532928.3723451	4579827.5856226	0	0	ND
404	532958.9666376	4579867.0956253	0	0	ND
405	532992.3346879	4579904.3119473	0	0	ND
406	533027.5499954	4579939.7841598	0	0	ND
407	533065.3805758	4579972.4124699	0	0	ND
408	533106.1326948	4580001.2896426	0	0	ND
409	533149.5129260	4580026.1079789	0	0	ND
410	533195.4264998	4580045.8809157	1	0	ND
411	533242.2870600	4580063.2985911	0	0	ND
412	533290.4866559	4580076.4827117	0	0	ND
413	533339.6160611	4580085.6800954	0	0	ND
414	533389.3616886	4580090.3107830	0	0	ND
415	533439.3411859	4580091.1287152	0	0	ND
416	533489.1783973	4580087.3557079	0	0	ND
417	533538.6430544	4580080.2374036	0	0	ND
418	533587.3605243	4580069.0644144	0	0	ND
419	533635.0531975	4580054.1323694	0	0	ND
420	533681.2927900	4580035.2531451	0	0	ND
421	533725.7096602	4580012.2984361	0	0	ND
422	533770.7564552	4579990.7545512	0	0	ND
423	533816.2490257	4579970.2322305	0	0	ND
424	533860.1643457	4579946.3273214	0	0	ND
425	533904.0796656	4579922.4224124	0	0	ND
426	533948.2640086	4579899.0323420	0	0	ND
427	533993.3493856	4579877.4834429	0	0	ND
428	534040.3112776	4579860.3840083	0	0	ND
429	534088.4577062	4579847.0362900	0	0	ND
430	534137.4232617	4579837.0673123	0	0	ND
431	534187.1890107	4579832.6314772	0	0	ND
432	534237.1766790	4579832.0490627	0	0	ND
433	534287.0167257	4579835.3558941	0	0	ND
434	534336.3938653	4579843.0847157	0	0	ND
435	534385.1112178	4579854.2875299	0	0	ND
436	534432.5488317	4579869.9451385	0	0	ND
437	534478.9983229	4579888.4300698	0	0	ND
438	534525.2600549	4579907.3998392	0	0	ND
439	534571.5217869	4579926.3696086	0	0	ND
440	534617.5076309	4579945.9979270	0	0	ND
441	534662.2917996	4579968.0615491	0	0	ND
442	534708.0924633	4579988.0908732	0	0	ND
443	534754.1679029	4580007.5087481	0	0	ND
444	534800.2433425	4580026.9266231	0	0	ND
445	534846.3187821	4580046.3444980	0	0	ND
446	534892.3942216	4580065.7623730	0	0	ND
447	534938.4839953	4580085.1460986	0	0	ND
448	534984.3260560	4580105.0813287	0	0	ND
449	535029.2716220	4580126.9721022	0	0	ND
450	535073.5355007	4580150.2147517	0	0	ND
451	535116.8648635	4580175.1542862	0	0	ND
452	535159.4821860	4580201.2981085	0	0	ND
453	535201.8514631	4580227.8470136	0	0	ND
454	535244.2207402	4580254.3959186	0	0	ND
455	535286.5900173	4580280.9448237	0	0	ND
456	535328.9592944	4580307.4937287	0	0	ND
457	535371.3285715	4580334.0426337	0	0	ND
458	535413.6978486	4580360.5915388	0	0	ND
459	535456.0671257	4580387.1404438	0	0	ND
460	535498.5834159	4580413.4426665	0	0	ND
461	535543.4098148	4580435.4583939	0	0	ND
462	535586.3617435	4580461.0539369	0	0	ND
463	535629.3136722	4580486.6494798	0	0	ND
464	535672.2656009	4580512.2450228	0	0	ND
465	535714.8665986	4580538.4174375	0	0	ND
466	535757.3446728	4580564.7919178	0	0	ND
467	535799.8227470	4580591.1663982	0	0	ND
468	535842.2044990	4580617.6927416	0	0	ND
469	535884.1686701	4580644.8774494	0	0	ND
470	535926.1328412	4580672.0621573	0	0	ND
471	535968.0970124	4580699.2468651	0	0	ND
472	536010.2178295	4580726.1877489	0	0	ND
473	536052.4499378	4580752.9540733	0	0	ND
474	536094.7401460	4580779.6287484	0	0	ND
475	536136.9496621	4580806.4305375	0	0	ND
476	536179.0849388	4580833.3492755	0	0	ND
477	536221.2202155	4580860.2680136	0	0	ND
478	536263.3554922	4580887.1867516	0	0	ND
479	536305.4923886	4580914.1029516	0	0	ND
480	536347.6543882	4580940.9798150	0	0	ND
481	536389.8163879	4580967.8566783	0	0	ND
482	536431.9783876	4580994.7335417	0	0	ND
483	536474.1403872	4581021.6104051	0	0	ND
484	536516.3023869	4581048.4872684	1	0	ND
485	536558.4643866	4581075.3641318	0	0	ND
486	536600.6263862	4581102.2409951	0	0	ND
487	536642.7883859	4581129.1178585	0	0	ND
488	536684.9503856	4581155.9947219	0	0	ND
489	536727.1123852	4581182.8715852	0	0	ND
490	536769.2682209	4581209.7581063	0	0	ND
491	536811.4004874	4581236.6815555	0	0	ND
492	536853.5327539	4581263.6050048	0	0	ND
493	536895.6650204	4581290.5284540	0	0	ND
494	536937.7972869	4581317.4519033	0	0	ND
495	536979.9295534	4581344.3753525	0	0	ND
496	537022.0618199	4581371.2988018	0	0	ND
497	537064.1940864	4581398.2222510	0	0	ND
498	537106.3263529	4581425.1457003	0	0	ND
499	537148.4586194	4581452.0691495	0	0	ND
500	537190.5908859	4581478.9925988	0	0	ND
501	537232.7231524	4581505.9160480	0	0	ND
502	537274.8554189	4581532.8394973	0	0	ND
503	537316.9657864	4581559.7971691	0	0	ND
504	537359.0644301	4581586.7731620	0	0	ND
505	537401.1630739	4581613.7491549	0	0	ND
506	537443.2617177	4581640.7251478	0	0	ND
507	537485.3603614	4581667.7011407	0	0	ND
508	537527.5127005	4581694.5931196	0	0	ND
509	537569.6746571	4581721.4700506	0	0	ND
510	537611.8366136	4581748.3469816	0	0	ND
511	537653.8987697	4581775.3779702	0	0	ND
512	537695.6627086	4581802.8693036	0	0	ND
513	537737.4266474	4581830.3606369	0	0	ND
514	537779.1905863	4581857.8519703	0	0	ND
515	537820.9545252	4581885.3433036	0	0	ND
516	537862.7184641	4581912.8346370	0	0	ND
517	537904.4824029	4581940.3259703	0	0	ND
518	537946.2463418	4581967.8173037	0	0	ND
519	537988.1418175	4581995.1063253	0	0	ND
520	538030.2144243	4582022.1229083	0	0	ND
521	538072.2870311	4582049.1394912	0	0	ND
522	538114.3581616	4582076.1583731	0	0	ND
523	538156.4288448	4582103.1779516	0	0	ND
524	538198.4995279	4582130.1975301	0	0	ND
525	538240.8524234	4582156.7687590	0	0	ND
526	538283.1267596	4582183.4685811	0	0	ND
527	538325.4010958	4582210.1684031	0	0	ND
528	538367.6754320	4582236.8682252	0	0	ND
529	538409.9497682	4582263.5680473	0	0	ND
530	538452.2241044	4582290.2678694	0	0	ND
531	538494.4282800	4582317.0783978	0	0	ND
532	538536.6197033	4582343.9090482	0	0	ND
533	538578.8114405	4582370.7391884	0	0	ND
534	538621.7827643	4582396.3021563	0	0	ND
535	538665.2288428	4582421.0370684	0	0	ND
536	538708.9992477	4582445.2062978	0	0	ND
537	538752.9665567	4582469.0154385	0	0	ND
538	538796.9345198	4582492.8233829	0	0	ND
539	538840.9024830	4582516.6313273	0	0	ND
540	538884.8704461	4582540.4392718	0	0	ND
541	538928.8384092	4582564.2472162	0	0	ND
542	538972.8063724	4582588.0551607	0	0	ND
543	539016.7743355	4582611.8631051	0	0	ND
544	539060.7422986	4582635.6710495	0	0	ND
545	539104.7102617	4582659.4789940	0	0	ND
546	539148.6782249	4582683.2869384	0	0	ND
547	539192.6461880	4582707.0948828	0	0	ND
548	539236.6141511	4582730.9028273	0	0	ND
549	539280.5821143	4582754.7107717	0	0	ND
550	539324.4659951	4582778.6733386	0	0	ND
551	539368.3488242	4582802.6378398	0	0	ND
552	539412.2316532	4582826.6023409	0	0	ND
553	539456.1144822	4582850.5668421	0	0	ND
554	539499.9973113	4582874.5313433	0	0	ND
555	539543.8801403	4582898.4958444	0	0	ND
556	539587.7629693	4582922.4603456	0	0	ND
557	539631.6457984	4582946.4248468	0	0	ND
558	539675.5286274	4582970.3893479	0	0	ND
559	539719.4114564	4582994.3538491	0	0	ND
560	539763.2942855	4583018.3183503	0	0	ND
561	539807.1771145	4583042.2828514	0	0	ND
562	539851.0599435	4583066.2473526	0	0	ND
563	539894.9427725	4583090.2118538	0	0	ND
564	539938.8256016	4583114.1763549	0	0	ND
565	539982.7084306	4583138.1408561	0	0	ND
566	540026.5912596	4583162.1053573	0	0	ND
567	540070.4740887	4583186.0698585	0	0	ND
568	540114.3569177	4583210.0343596	0	0	ND
569	540158.2397467	4583233.9988608	0	0	ND
570	540202.1225758	4583257.9633620	0	0	ND
571	540246.0054048	4583281.9278631	0	0	ND
572	540289.8882338	4583305.8923643	0	0	ND
573	540333.7710628	4583329.8568655	0	0	ND
574	540377.6538919	4583353.8213666	0	0	ND
575	540421.5367209	4583377.7858678	0	0	ND
576	540465.4195499	4583401.7503690	0	0	ND
577	540509.3023790	4583425.7148701	0	0	ND
578	540553.1852080	4583449.6793713	0	0	ND
579	540597.0680370	4583473.6438725	0	0	ND
580	540640.9508661	4583497.6083737	0	0	ND
581	540684.8336951	4583521.5728748	0	0	ND
582	540728.7165241	4583545.5373760	0	0	ND
583	540772.5600774	4583569.5735165	0	0	ND
584	540816.4008929	4583593.6147914	0	0	ND
585	540860.2417083	4583617.6560663	0	0	ND
586	540904.0825238	4583641.6973411	0	0	ND
587	540947.9233393	4583665.7386160	0	0	ND
588	540991.7641548	4583689.7798909	0	0	ND
589	541035.6049703	4583713.8211658	0	0	ND
590	541079.4457857	4583737.8624407	0	0	ND
591	541123.2866012	4583761.9037156	0	0	ND
592	541167.1274167	4583785.9449905	0	0	ND
593	541210.9411423	4583810.0355909	0	0	ND
594	541254.7646168	4583834.1084393	0	0	ND
595	541298.6064558	4583858.1478476	0	0	ND
596	541342.4482948	4583882.1872559	0	0	ND
597	541386.2901338	4583906.2266642	0	0	ND
598	541430.1319728	4583930.2660726	0	0	ND
599	541473.9738118	4583954.3054809	0	0	ND
600	541517.8156508	4583978.3448892	0	0	ND
601	541561.6574898	4584002.3842975	0	0	ND
602	541605.4993288	4584026.4237059	0	0	ND
603	541649.3411678	4584050.4631142	0	0	ND
604	541693.1830068	4584074.5025225	0	0	ND
605	541737.0248458	4584098.5419308	0	0	ND
606	541780.8666848	4584122.5813392	0	0	ND
607	541824.7085238	4584146.6207475	0	0	ND
608	541868.5503628	4584170.6601558	0	0	ND
609	541912.3922019	4584194.6995641	0	0	ND
610	541956.2340409	4584218.7389724	0	0	ND
611	542000.1520819	4584242.6361663	0	0	ND
612	542043.9760144	4584266.7082027	0	0	ND
613	542087.7999469	4584290.7802392	0	0	ND
614	542131.6238794	4584314.8522757	0	0	ND
615	542175.4478119	4584338.9243122	0	0	ND
616	542219.2717444	4584362.9963486	0	0	ND
617	542263.0956769	4584387.0683851	0	0	ND
618	542306.9196094	4584411.1404216	0	0	ND
619	542350.7435419	4584435.2124581	0	0	ND
620	542394.5674744	4584459.2844945	0	0	ND
621	542438.3910736	4584483.3571378	0	0	ND
622	542482.2144098	4584507.4302600	0	0	ND
623	542526.2010112	4584531.2037456	0	0	ND
624	542570.1879942	4584554.9765311	0	0	ND
625	542614.1749771	4584578.7493166	0	0	ND
626	542658.0415002	4584602.7428152	0	0	ND
627	542701.8314675	4584626.8765832	0	0	ND
628	542745.6732700	4584650.9154099	0	0	ND
629	542789.6531590	4584674.7013167	0	0	ND
630	542833.6330480	4584698.4872236	0	0	ND
631	542877.6129370	4584722.2731304	0	0	ND
632	542921.5928260	4584746.0590372	0	0	ND
633	542965.6125610	4584769.7688595	0	0	ND
634	543010.3053625	4584792.1821207	0	0	ND
635	543055.6481558	4584813.2370947	0	0	ND
636	543101.5174357	4584833.1370737	0	0	ND
637	543147.3868731	4584853.0366896	0	0	ND
638	543193.2572610	4584872.9341144	0	0	ND
639	543239.1276489	4584892.8315392	0	0	ND
640	543284.9980368	4584912.7289640	0	0	ND
641	543330.8684247	4584932.6263888	0	0	ND
642	543376.7388126	4584952.5238136	0	0	ND
643	543422.6092005	4584972.4212384	0	0	ND
644	543468.3376697	4584992.6423809	0	0	ND
645	543514.0519342	4585012.8959243	0	0	ND
646	543559.8976114	4585032.8499134	0	0	ND
647	543605.7514025	4585052.7855559	0	0	ND
648	543651.6051936	4585072.7211984	0	0	ND
649	543697.3831692	4585092.8301542	0	0	ND
650	543743.2705540	4585112.6843449	0	0	ND
651	543789.2367121	4585132.3595148	0	0	ND
652	543834.7633374	4585153.0203058	0	0	ND
653	543879.4055949	4585175.5083801	0	0	ND
654	543922.5816980	4585200.6959309	0	0	ND
655	543964.4541394	4585228.0147089	0	0	ND
656	544005.0561693	4585257.1557520	0	0	ND
657	544044.3153074	4585288.1063979	0	0	ND
658	544083.3938163	4585319.2793436	0	0	ND
659	544122.5906059	4585350.3193214	0	0	ND
660	544161.8968433	4585381.2227145	0	0	ND
661	544201.2030807	4585412.1261076	0	0	ND
662	544240.5093181	4585443.0295006	0	0	ND
663	544279.8155554	4585473.9328937	0	0	ND
664	544319.1217928	4585504.8362868	0	0	ND
665	544358.4280302	4585535.7396799	0	0	ND
666	544397.7342675	4585566.6430729	0	0	ND
667	544437.0405049	4585597.5464660	0	0	ND
668	544476.3467423	4585628.4498591	0	0	ND
669	544515.6529797	4585659.3532522	0	0	ND
670	544554.9592170	4585690.2566452	1	0	ND
671	544594.2654544	4585721.1600383	0	0	ND
672	544633.5716918	4585752.0634314	0	0	ND
673	544672.8779291	4585782.9668245	0	0	ND
674	544712.1841665	4585813.8702176	0	0	ND
675	544751.4904039	4585844.7736106	0	0	ND
676	544790.7732256	4585875.7067377	0	0	ND
677	544830.0304812	4585906.6723297	0	0	ND
678	544869.2877367	4585937.6379217	0	0	ND
679	544908.5449923	4585968.6035136	0	0	ND
680	544947.8022479	4585999.5691056	0	0	ND
681	544987.0595034	4586030.5346976	0	0	ND
682	545026.3167590	4586061.5002895	0	0	ND
683	545065.5740145	4586092.4658815	0	0	ND
684	545104.8312701	4586123.4314735	0	0	ND
685	545144.0885257	4586154.3970654	0	0	ND
686	545183.3457812	4586185.3626574	0	0	ND
687	545222.6030368	4586216.3282494	0	0	ND
688	545261.8602923	4586247.2938413	0	0	ND
689	545301.1175479	4586278.2594333	0	0	ND
690	545340.3748035	4586309.2250253	0	0	ND
691	545379.6320590	4586340.1906173	0	0	ND
692	545418.8893146	4586371.1562092	0	0	ND
693	545458.1465701	4586402.1218012	0	0	ND
694	545497.9892977	4586432.3166576	0	0	ND
695	545534.0751059	4586466.8300226	0	0	ND
696	545569.1521753	4586502.4613430	0	0	ND
697	545604.5975592	4586537.7120064	0	0	ND
698	545640.9075308	4586572.0758608	0	0	ND
699	545676.4252734	4586607.2680469	0	0	ND
700	545711.9430160	4586642.4602330	0	0	ND
701	545747.4607586	4586677.6524190	0	0	ND
702	545782.9785012	4586712.8446051	0	0	ND
703	545818.4973715	4586748.0356501	0	0	ND
704	545854.1051672	4586783.1367168	0	0	ND
705	545889.7129630	4586818.2377835	0	0	ND
706	545925.3207587	4586853.3388502	0	0	ND
707	545960.9285544	4586888.4399169	0	0	ND
708	545996.5363502	4586923.5409836	0	0	ND
709	546032.1441459	4586958.6420503	0	0	ND
710	546067.7519416	4586993.7431170	0	0	ND
711	546103.3597373	4587028.8441837	0	0	ND
712	546138.9675331	4587063.9452504	0	0	ND
713	546174.5753288	4587099.0463171	0	0	ND
714	546210.1831245	4587134.1473838	0	0	ND
715	546245.7909203	4587169.2484504	0	0	ND
716	546281.3987160	4587204.3495171	0	0	ND
717	546317.0065117	4587239.4505838	0	0	ND
718	546352.6143075	4587274.5516505	0	0	ND
719	546387.9413326	4587309.9351095	0	0	ND
720	546423.2468878	4587345.3401624	0	0	ND
721	546458.5524430	4587380.7452154	0	0	ND
722	546493.5703483	4587416.4298098	0	0	ND
723	546527.9517094	4587452.7330053	0	0	ND
724	546562.3330706	4587489.0362008	0	0	ND
725	546596.7144318	4587525.3393964	0	0	ND
726	546631.0957930	4587561.6425919	0	0	ND
727	546665.4771541	4587597.9457874	0	0	ND
728	546699.8585153	4587634.2489829	0	0	ND
729	546734.2398765	4587670.5521784	0	0	ND
730	546768.6212377	4587706.8553739	0	0	ND
731	546803.0025988	4587743.1585694	0	0	ND
732	546837.3839600	4587779.4617649	0	0	ND
733	546871.7647491	4587815.7655021	0	0	ND
734	546906.1416652	4587852.0729069	0	0	ND
735	546940.4339087	4587888.4602854	0	0	ND
736	546974.7216375	4587924.8519280	0	0	ND
737	547009.0093663	4587961.2435706	0	0	ND
738	547043.2970952	4587997.6352132	0	0	ND
739	547077.9593281	4588033.6678375	0	0	ND
740	547114.4879259	4588067.7692412	0	0	ND
741	547153.7516826	4588098.7031055	0	0	ND
742	547194.2354364	4588127.9634951	0	0	ND
743	547237.7058439	4588152.6682249	0	0	ND
744	547284.4607699	4588170.3629384	0	0	ND
745	547331.9603506	4588185.9767093	0	0	ND
746	547379.4599312	4588201.5904802	0	0	ND
747	547426.9595118	4588217.2042511	0	0	ND
748	547474.4590924	4588232.8180220	0	0	ND
749	547521.9586730	4588248.4317929	0	0	ND
750	547569.4582536	4588264.0455638	0	0	ND
751	547616.9578342	4588279.6593347	0	0	ND
752	547664.4574148	4588295.2731056	0	0	ND
753	547711.9569954	4588310.8868765	0	0	ND
754	547759.4565761	4588326.5006474	0	0	ND
755	547806.9561567	4588342.1144183	0	0	ND
756	547854.4557373	4588357.7281892	0	0	ND
757	547901.5539704	4588374.4670424	0	0	ND
758	547947.4127140	4588394.3771010	0	0	ND
759	547991.7031323	4588417.4771381	0	0	ND
760	548033.6137165	4588444.7115497	0	0	ND
761	548072.9180130	4588475.5831507	0	0	ND
762	548109.9696682	4588509.1299649	0	0	ND
763	548143.9492422	4588545.7876837	0	0	ND
764	548176.8301118	4588583.4551371	0	0	ND
765	548209.8200703	4588621.0266003	0	0	ND
766	548240.3397049	4588660.5333062	0	0	ND
767	548265.7714639	4588703.5511888	0	0	ND
768	548290.3979269	4588746.9706651	0	0	ND
769	548321.7950639	4588785.8577459	0	0	ND
770	548354.2426268	4588823.8992451	0	0	ND
771	548386.6901896	4588861.9407444	0	0	ND
772	548419.1377525	4588899.9822436	0	0	ND
773	548451.5853153	4588938.0237429	0	0	ND
774	548484.0328781	4588976.0652421	0	0	ND
775	548516.4804410	4589014.1067414	0	0	ND
776	548548.9280038	4589052.1482406	0	0	ND
777	548581.3755667	4589090.1897399	0	0	ND
778	548613.8109263	4589128.2415928	0	0	ND
779	548644.4019721	4589167.6748953	0	0	ND
780	548674.8567919	4589207.2289230	0	0	ND
781	548707.4433388	4589245.1514356	0	0	ND
782	548740.0298858	4589283.0739481	0	0	ND
783	548768.5467027	4589324.0750823	0	0	ND
784	548792.4467419	4589367.9930527	0	0	ND
785	548816.3467811	4589411.9110231	0	0	ND
786	548840.1516949	4589455.7796575	1	0	ND
787	548866.3156227	4589498.3717353	0	0	ND
788	548887.1218141	4589543.7405314	0	0	ND
789	548900.6351458	4589591.8262386	0	0	ND
790	548913.6682717	4589640.0977345	0	0	ND
791	548926.6439732	4589688.3846994	0	0	ND
792	548944.0020682	4589735.2391181	0	0	ND
793	548963.1523017	4589781.4018350	0	0	ND
794	548980.0016403	4589828.4516358	0	0	ND
795	548996.1515295	4589875.7625914	0	0	ND
796	549009.6539539	4589923.9040900	0	0	ND
797	549022.9240825	4589972.1095932	0	0	ND
798	549035.7648506	4590020.4307010	0	0	ND
799	549048.3246095	4590068.8273116	0	0	ND
800	549060.4976228	4590117.3228552	0	0	ND
801	549073.2848278	4590165.6593782	0	0	ND
802	549085.8832078	4590214.0449027	0	0	ND
803	549098.5191774	4590262.4211227	0	0	ND
804	549111.0723739	4590310.8191184	0	0	ND
805	549123.2240246	4590359.2743794	0	0	ND
806	549131.1965515	4590408.6274035	0	0	ND
807	549139.2116888	4590457.9543471	0	0	ND
808	549151.9245779	4590506.3111714	0	0	ND
809	549164.6374670	4590554.6679956	0	0	ND
810	549177.3418496	4590603.0270546	0	0	ND
811	549190.0383607	4590651.3881817	0	0	ND
812	549202.8850573	4590699.7087339	0	0	ND
813	549215.6467320	4590748.0484105	0	0	ND
814	549227.6742972	4590796.5800737	0	0	ND
815	549242.2505917	4590844.3774845	0	0	ND
816	549262.6373782	4590889.9072950	0	0	ND
817	549287.8242305	4590933.0377490	0	0	ND
818	549305.8690225	4590979.5888673	0	0	ND
819	549318.3566919	4591028.0043412	0	0	ND
820	549330.8443614	4591076.4198151	0	0	ND
821	549343.3320308	4591124.8352890	0	0	ND
822	549355.8197003	4591173.2507629	0	0	ND
823	549369.1451880	4591221.4409355	0	0	ND
824	549382.6249955	4591269.5896093	0	0	ND
825	549396.1048030	4591317.7382831	0	0	ND
826	549409.5846106	4591365.8869569	0	0	ND
827	549425.4199313	4591413.1824184	0	0	ND
828	549448.6821148	4591457.3686550	0	0	ND
829	549476.9670855	4591498.5854992	0	0	ND
830	549505.8393389	4591539.4069762	0	0	ND
831	549534.7115922	4591580.2284532	0	0	ND
832	549563.5838455	4591621.0499303	0	0	ND
833	549592.4560989	4591661.8714073	0	0	ND
834	549621.3283522	4591702.6928843	0	0	ND
835	549650.2006055	4591743.5143614	0	0	ND
836	549679.6922482	4591783.8863833	0	0	ND
837	549708.4781220	4591824.7673243	0	0	ND
838	549737.1888987	4591865.7025329	0	0	ND
839	549765.8996754	4591906.6377415	0	0	ND
840	549794.6104521	4591947.5729500	0	0	ND
841	549823.3212288	4591988.5081586	0	0	ND
842	549852.0320055	4592029.4433672	0	0	ND
843	549880.7389511	4592070.3812590	0	0	ND
844	549909.3959722	4592111.3541176	0	0	ND
845	549938.0529933	4592152.3269763	0	0	ND
846	549966.7100144	4592193.2998349	0	0	ND
847	549995.4472427	4592234.2164575	0	0	ND
848	550024.1986443	4592275.1231429	0	0	ND
849	550052.9500459	4592316.0298282	0	0	ND
850	550082.0487548	4592356.6787188	0	0	ND
851	550114.0893028	4592395.0393282	0	0	ND
852	550144.5722499	4592434.5915789	0	0	ND
853	550173.4567482	4592475.4043925	0	0	ND
854	550202.3412465	4592516.2172061	0	0	ND
855	550231.2257448	4592557.0300198	0	0	ND
856	550260.1102431	4592597.8428334	0	0	ND
857	550288.9947415	4592638.6556471	0	0	ND
858	550317.8792398	4592679.4684607	0	0	ND
859	550346.7637381	4592720.2812744	0	0	ND
860	550375.6482364	4592761.0940880	0	0	ND
861	550404.5327347	4592801.9069016	0	0	ND
862	550433.4172330	4592842.7197153	0	0	ND
863	550462.3017313	4592883.5325289	0	0	ND
864	550491.1862296	4592924.3453426	0	0	ND
865	550520.0707279	4592965.1581562	0	0	ND
866	550548.9552262	4593005.9709699	0	0	ND
867	550577.8397245	4593046.7837835	0	0	ND
868	550606.7242228	4593087.5965972	0	0	ND
869	550635.6087211	4593128.4094108	0	0	ND
870	550664.4932195	4593169.2222244	0	0	ND
871	550693.3777178	4593210.0350381	0	0	ND
872	550722.2622161	4593250.8478517	1	0	ND
873	550751.1467144	4593291.6606654	0	0	ND
874	550780.0312127	4593332.4734790	0	0	ND
875	550808.9157110	4593373.2862927	0	0	ND
876	550837.8002093	4593414.0991063	0	0	ND
877	550866.6847076	4593454.9119199	0	0	ND
878	550895.5692059	4593495.7247336	0	0	ND
879	550924.4537042	4593536.5375472	0	0	ND
880	550953.3382025	4593577.3503609	0	0	ND
881	550982.2227008	4593618.1631745	0	0	ND
882	551011.1071991	4593658.9759882	0	0	ND
883	551039.9157955	4593699.8407184	0	0	ND
884	551067.4825703	4593741.5548948	0	0	ND
885	551095.1829306	4593783.1804884	0	0	ND
886	551123.0764924	4593824.6686322	0	0	ND
887	551153.3176734	4593864.4866052	0	0	ND
888	551183.4200999	4593904.4095638	0	0	ND
889	551213.7574742	4593944.1535147	0	0	ND
890	551240.9519766	4593986.0596764	0	0	ND
891	551263.7711066	4594030.5194063	0	0	ND
892	551281.4926869	4594077.2498845	0	0	ND
893	551295.7281047	4594125.1790015	0	0	ND
894	551308.1970017	4594173.5952407	0	0	ND
895	551320.5974394	4594222.0331303	0	0	ND
896	551334.9671840	4594269.9221975	0	0	ND
897	551350.2033704	4594317.5423239	0	0	ND
898	551367.1068702	4594364.5960105	0	0	ND
899	551386.8133661	4594410.5397200	0	0	ND
900	551408.0115293	4594455.8204809	0	0	ND
901	551430.4271580	4594500.5048968	0	0	ND
902	551454.2605654	4594544.4480831	0	0	ND
903	551479.1971004	4594587.7821445	0	0	ND
904	551506.2459324	4594629.8340254	0	0	ND
905	551533.6885348	4594671.6288538	0	0	ND
906	551561.3633004	4594713.2706535	0	0	ND
907	551589.7961112	4594754.3994180	0	0	ND
908	551618.2289220	4594795.5281825	0	0	ND
909	551646.6617328	4594836.6569470	0	0	ND
910	551675.0945435	4594877.7857116	0	0	ND
911	551703.5273543	4594918.9144761	0	0	ND
912	551731.9601651	4594960.0432406	0	0	ND
913	551760.2633355	4595001.2607908	0	0	ND
914	551788.3349304	4595042.6369380	0	0	ND
915	551816.4065253	4595084.0130853	0	0	ND
916	551844.4781202	4595125.3892325	0	0	ND
917	551872.5497150	4595166.7653798	0	0	ND
918	551900.6213099	4595208.1415270	0	0	ND
919	551928.6929048	4595249.5176742	0	0	ND
920	551956.7644997	4595290.8938215	0	0	ND
921	551984.8360946	4595332.2699687	0	0	ND
922	552012.9109868	4595373.6438653	0	0	ND
923	552041.2142509	4595414.8618862	0	0	ND
924	552069.5175149	4595456.0799071	0	0	ND
925	552097.8207790	4595497.2979279	0	0	ND
926	552126.1240430	4595538.5159488	0	0	ND
927	552154.4273071	4595579.7339697	0	0	ND
928	552182.7305711	4595620.9519905	0	0	ND
929	552210.8551701	4595662.2918524	0	0	ND
930	552238.8928379	4595703.6909971	0	0	ND
931	552266.9305058	4595745.0901418	0	0	ND
932	552294.9681736	4595786.4892865	0	0	ND
933	552323.0058415	4595827.8884312	0	0	ND
934	552351.0435094	4595869.2875759	0	0	ND
935	552379.0811772	4595910.6867205	0	0	ND
936	552407.1558297	4595952.0607392	0	0	ND
937	552435.3132130	4595993.3785533	0	0	ND
938	552463.4705962	4596034.6963675	0	0	ND
939	552491.6279794	4596076.0141817	0	0	ND
940	552519.7853627	4596117.3319959	0	0	ND
941	552547.9427459	4596158.6498101	0	0	ND
942	552576.1001292	4596199.9676243	0	0	ND
943	552604.3212695	4596241.2419105	0	0	ND
944	552632.5480926	4596282.5123171	0	0	ND
945	552660.7749158	4596323.7827236	0	0	ND
946	552689.0017389	4596365.0531302	0	0	ND
947	552717.2285620	4596406.3235367	0	0	ND
948	552745.4553851	4596447.5939433	0	0	ND
949	552774.6946404	4596488.1408476	0	0	ND
950	552805.7968465	4596527.2706399	0	0	ND
951	552839.5293020	4596564.1097701	0	0	ND
952	552875.0044422	4596599.3422360	0	0	ND
953	552911.5517927	4596633.4340070	0	0	ND
954	552950.0064767	4596665.3734063	0	0	ND
955	552989.6179964	4596695.8796968	0	0	ND
956	553029.4991468	4596726.0375123	0	0	ND
957	553069.3802973	4596756.1953278	0	0	ND
958	553109.2614478	4596786.3531433	0	0	ND
959	553149.1425983	4596816.5109589	0	0	ND
960	553189.0129035	4596846.6828573	0	0	ND
961	553229.0597612	4596876.6202785	0	0	ND
962	553268.9308154	4596906.7912795	0	0	ND
963	553308.7818281	4596936.9889083	0	0	ND
964	553348.6328408	4596967.1865371	0	0	ND
965	553388.4838535	4596997.3841659	0	0	ND
966	553428.3348663	4597027.5817947	0	0	ND
967	553468.1858790	4597057.7794235	0	0	ND
968	553508.0368917	4597087.9770523	0	0	ND
969	553547.8879044	4597118.1746811	0	0	ND
970	553587.7389172	4597148.3723098	0	0	ND
971	553627.5899299	4597178.5699386	0	0	ND
972	553667.4409426	4597208.7675674	0	0	ND
973	553707.2919554	4597238.9651962	0	0	ND
974	553747.2100323	4597269.0734583	0	0	ND
975	553787.3413320	4597298.8975891	0	0	ND
976	553827.4726318	4597328.7217199	0	0	ND
977	553867.6039315	4597358.5458508	0	0	ND
978	553907.7352313	4597388.3699816	0	0	ND
979	553948.3017433	4597417.5962488	0	0	ND
980	553988.2198760	4597447.7050959	0	0	ND
981	554028.1380088	4597477.8139431	0	0	ND
982	554068.0561416	4597507.9227902	0	0	ND
983	554107.9742744	4597538.0316373	0	0	ND
984	554147.8924072	4597568.1404844	0	0	ND
985	554187.8105399	4597598.2493316	0	0	ND
986	554227.7587751	4597628.3182071	0	0	ND
987	554267.7217978	4597658.3674470	0	0	ND
988	554307.6848204	4597688.4166870	0	0	ND
989	554347.6478431	4597718.4659269	0	0	ND
990	554387.5898234	4597748.5431144	0	0	ND
991	554427.5146031	4597778.6431471	0	0	ND
992	554467.4393828	4597808.7431798	0	0	ND
993	554507.3641624	4597838.8432125	0	0	ND
994	554547.2889421	4597868.9432452	0	0	ND
995	554587.2137218	4597899.0432778	0	0	ND
996	554627.2503686	4597928.9941067	0	0	ND
997	554667.2155542	4597959.0403464	0	0	ND
998	554707.1583209	4597989.1165062	0	0	ND
999	554747.1010877	4598019.1926659	0	0	ND
1000	554787.0438545	4598049.2688256	0	0	ND
1001	554826.9866212	4598079.3449853	0	0	ND
1002	554866.9293880	4598109.4211450	0	0	ND
1003	554906.8721547	4598139.4973048	0	0	ND
1004	554946.8149215	4598169.5734645	0	0	ND
1005	554986.7576883	4598199.6496242	0	0	ND
1006	555026.7004550	4598229.7257839	0	0	ND
1007	555066.6432218	4598259.8019436	0	0	ND
1008	555106.5859885	4598289.8781034	0	0	ND
1009	555146.5287553	4598319.9542631	0	0	ND
1010	555186.4715221	4598350.0304228	0	0	ND
1011	555226.4142888	4598380.1065825	0	0	ND
1012	555266.3570556	4598410.1827422	0	0	ND
1013	555306.2998224	4598440.2589019	0	0	ND
1014	555346.2425891	4598470.3350617	0	0	ND
1015	555386.1853559	4598500.4112214	0	0	ND
1016	555426.1281226	4598530.4873811	0	0	ND
1017	555466.0708894	4598560.5635408	0	0	ND
1018	555506.0136562	4598590.6397005	1	0	ND
1019	555545.9564229	4598620.7158603	0	0	ND
1020	555585.8991897	4598650.7920200	0	0	ND
1021	555625.8419564	4598680.8681797	0	0	ND
1022	555665.7847232	4598710.9443394	0	0	ND
1023	555705.7274900	4598741.0204991	0	0	ND
1024	555745.6702567	4598771.0966589	0	0	ND
1025	555785.6130235	4598801.1728186	0	0	ND
1026	555825.5557902	4598831.2489783	0	0	ND
1027	555865.4985570	4598861.3251380	0	0	ND
1028	555905.4413238	4598891.4012977	0	0	ND
1029	555945.3840905	4598921.4774575	0	0	ND
1030	555985.3268573	4598951.5536172	0	0	ND
1031	556025.2696240	4598981.6297769	0	0	ND
1032	556065.2123908	4599011.7059366	0	0	ND
1033	556105.1551576	4599041.7820963	0	0	ND
1034	556145.0979243	4599071.8582561	0	0	ND
1035	556185.0406911	4599101.9344158	0	0	ND
1036	556224.9834578	4599132.0105755	0	0	ND
1037	556264.9262246	4599162.0867352	0	0	ND
1038	556304.8689914	4599192.1628949	0	0	ND
1039	556344.8117581	4599222.2390547	0	0	ND
1040	556384.7545249	4599252.3152144	0	0	ND
1041	556424.6972917	4599282.3913741	0	0	ND
1042	556464.6400584	4599312.4675338	0	0	ND
1043	556504.5828252	4599342.5436935	0	0	ND
1044	556544.5255919	4599372.6198533	0	0	ND
1045	556584.4683587	4599402.6960130	0	0	ND
1046	556624.4111255	4599432.7721727	0	0	ND
1047	556664.3538922	4599462.8483324	0	0	ND
1048	556704.1833187	4599493.0739696	0	0	ND
1049	556744.2383860	4599523.0004058	0	0	ND
1050	556784.2934533	4599552.9268420	0	0	ND
1051	556824.3485205	4599582.8532782	0	0	ND
1052	556864.4035878	4599612.7797144	0	0	ND
1053	556904.4586551	4599642.7061506	0	0	ND
1054	556944.5137224	4599672.6325868	0	0	ND
1055	556984.5687897	4599702.5590230	0	0	ND
1056	557024.6238570	4599732.4854592	0	0	ND
1057	557064.7426750	4599762.3259778	0	0	ND
1058	557104.7038867	4599792.3772975	0	0	ND
1059	557144.6505822	4599822.4482388	0	0	ND
1060	557184.5972778	4599852.5191802	0	0	ND
1061	557224.5439734	4599882.5901215	0	0	ND
1062	557264.4906690	4599912.6610628	0	0	ND
1063	557304.4373645	4599942.7320042	0	0	ND
1064	557344.3840601	4599972.8029455	0	0	ND
1065	557384.3307557	4600002.8738868	0	0	ND
1066	557424.2774513	4600032.9448282	0	0	ND
1067	557464.2241468	4600063.0157695	0	0	ND
1068	557504.1708424	4600093.0867108	0	0	ND
1069	557544.1175380	4600123.1576522	0	0	ND
1070	557584.0642336	4600153.2285935	0	0	ND
1071	557624.0109292	4600183.2995348	0	0	ND
1072	557663.9576247	4600213.3704761	0	0	ND
1073	557703.7670767	4600243.6172826	0	0	ND
1074	557743.7506521	4600273.6391696	0	0	ND
1075	557783.7341794	4600303.6611206	0	0	ND
1076	557823.7177067	4600333.6830717	0	0	ND
1077	557863.7012340	4600363.7050227	0	0	ND
1078	557903.6847613	4600393.7269737	0	0	ND
1079	557943.6682887	4600423.7489247	0	0	ND
1080	557983.6518160	4600453.7708758	0	0	ND
1081	558023.6353433	4600483.7928268	0	0	ND
1082	558063.6188706	4600513.8147778	0	0	ND
1083	558103.6023979	4600543.8367289	0	0	ND
1084	558143.5859252	4600573.8586799	0	0	ND
1085	558183.5694525	4600603.8806309	0	0	ND
1086	558223.5529798	4600633.9025820	0	0	ND
1087	558263.5365072	4600663.9245330	0	0	ND
1088	558303.5176212	4600693.9496850	0	0	ND
1089	558343.3842918	4600724.1266395	0	0	ND
1090	558383.2509623	4600754.3035940	0	0	ND
1091	558423.1176328	4600784.4805484	0	0	ND
1092	558462.9843033	4600814.6575029	0	0	ND
1093	558502.8509739	4600844.8344574	0	0	ND
1094	558543.5169683	4600873.9001997	0	0	ND
1095	558585.3033275	4600901.3488751	0	0	ND
1096	558627.9601659	4600927.4217497	0	0	ND
1097	558670.9021379	4600953.0339937	0	0	ND
1098	558713.9052099	4600978.5432828	0	0	ND
1099	558756.9592924	4601003.9666181	0	0	ND
1100	558800.0133749	4601029.3899534	0	0	ND
1101	558843.0674575	4601054.8132887	0	0	ND
1102	558886.1215400	4601080.2366240	0	0	ND
1103	558929.1756225	4601105.6599593	0	0	ND
1104	558972.2510271	4601131.0469833	0	0	ND
1105	559015.4290725	4601156.2592102	0	0	ND
1106	559058.4006001	4601181.8181690	0	0	ND
1107	559101.1344548	4601207.7761672	0	0	ND
1108	559144.1643461	4601233.2378780	0	0	ND
1109	559187.1654342	4601258.7501916	0	0	ND
1110	559230.1310125	4601284.3228151	0	0	ND
1111	559273.0965909	4601309.8954387	0	0	ND
1112	559316.0621692	4601335.4680623	0	0	ND
1113	559359.0277476	4601361.0406859	0	0	ND
1114	559401.9933260	4601386.6133094	0	0	ND
1115	559444.9589043	4601412.1859330	0	0	ND
1116	559487.9244827	4601437.7585566	0	0	ND
1117	559530.9459406	4601463.2368629	0	0	ND
1118	559574.0142164	4601488.6361466	0	0	ND
1119	559617.0824923	4601514.0354303	0	0	ND
1120	559660.1507682	4601539.4347140	0	0	ND
1121	559703.2190441	4601564.8339977	0	0	ND
1122	559746.2873200	4601590.2332814	0	0	ND
1123	559789.3555958	4601615.6325651	0	0	ND
1124	559832.4238717	4601641.0318488	0	0	ND
1125	559875.4921476	4601666.4311325	0	0	ND
1126	559918.5604235	4601691.8304162	0	0	ND
1127	559961.6286994	4601717.2296999	0	0	ND
1128	560004.6969752	4601742.6289836	0	0	ND
1129	560047.7652511	4601768.0282673	0	0	ND
1130	560090.9454170	4601793.2350259	0	0	ND
1131	560134.0280609	4601818.6082014	0	0	ND
1132	560177.0210496	4601844.1347156	0	0	ND
1133	560220.0140382	4601869.6612298	0	0	ND
1134	560263.0070269	4601895.1877440	0	0	ND
1135	560306.0000155	4601920.7142582	0	0	ND
1136	560348.9930041	4601946.2407724	0	0	ND
1137	560390.9070562	4601973.4168507	0	0	ND
1138	560431.8762920	4602002.0668002	0	0	ND
1139	560474.6803698	4602027.8634903	0	0	ND
1140	560518.0297716	4602052.7799379	0	0	ND
1141	560561.3791734	4602077.6963855	0	0	ND
1142	560605.2868232	4602101.5931299	0	0	ND
1143	560650.3020954	4602123.3461955	0	0	ND
1144	560695.5141239	4602144.6970075	0	0	ND
1145	560740.6620017	4602166.1834945	0	0	ND
1146	560785.8098796	4602187.6699815	0	0	ND
1147	560830.9577575	4602209.1564686	0	0	ND
1148	560876.1056353	4602230.6429556	0	0	ND
1149	560921.2535132	4602252.1294426	0	0	ND
1150	560967.0002788	4602272.3066502	0	0	ND
1151	561012.8639683	4602292.2195101	0	0	ND
1152	561058.7276578	4602312.1323700	0	0	ND
1153	561104.5913472	4602332.0452299	0	0	ND
1154	561150.4296461	4602351.9756081	0	0	ND
1155	561193.0375606	4602377.9958211	0	0	ND
1156	561233.5629417	4602407.2718213	0	0	ND
1157	561271.5584392	4602439.7406876	0	0	ND
1158	561309.2623961	4602472.5798539	0	0	ND
1159	561346.9445978	4602505.4439936	0	0	ND
1160	561384.6267994	4602538.3081333	0	0	ND
1161	561422.3090011	4602571.1722730	0	0	ND
1162	561461.1625591	4602602.5937121	0	0	ND
1163	561502.5094619	4602630.6433278	0	0	ND
1164	561547.2379319	4602652.8741859	0	0	ND
1165	561594.5221329	4602668.9142167	0	0	ND
1166	561643.1408020	4602680.5834172	0	0	ND
1167	561691.8382555	4602691.9217603	0	0	ND
1168	561740.5357090	4602703.2601034	0	0	ND
1169	561789.2331625	4602714.5984465	0	0	ND
1170	561837.9306159	4602725.9367896	0	0	ND
1171	561886.6280694	4602737.2751327	0	0	ND
1172	561935.3255229	4602748.6134758	1	0	ND
1173	561984.0229764	4602759.9518189	0	0	ND
1174	562032.6861475	4602771.4350591	0	0	ND
1175	562081.3014218	4602783.1207385	0	0	ND
1176	562129.9166961	4602794.8064179	0	0	ND
1177	562178.5319704	4602806.4920973	0	0	ND
1178	562227.1472448	4602818.1777767	0	0	ND
1179	562275.7625191	4602829.8634560	0	0	ND
1180	562324.5855423	4602840.6381149	0	0	ND
1181	562373.2597621	4602852.0757864	0	0	ND
1182	562421.9339819	4602863.5134580	0	0	ND
1183	562470.6082016	4602874.9511295	0	0	ND
1184	562519.3147225	4602886.2483528	0	0	ND
1185	562568.1921066	4602896.7344789	0	0	ND
1186	562617.6652434	4602903.8836582	0	0	ND
1187	562667.5354083	4602907.2570585	0	0	ND
1188	562717.5300666	4602907.8973840	0	0	ND
1189	562767.5297947	4602908.0622720	0	0	ND
1190	562817.5295228	4602908.2271600	0	0	ND
1191	562867.5292510	4602908.3920479	0	0	ND
1192	562917.5289791	4602908.5569359	0	0	ND
1193	562967.5287072	4602908.7218239	0	0	ND
1194	563017.5284353	4602908.8867119	0	0	ND
1195	563067.5281634	4602909.0515999	0	0	ND
1196	563117.5211295	4602908.4733962	0	0	ND
1197	563167.2358019	4602903.5483847	0	0	ND
1198	563216.2249724	4602893.6980294	0	0	ND
1199	563264.2132801	4602879.6851239	0	0	ND
1200	563312.1332400	4602865.4135631	0	0	ND
1201	563360.0531998	4602851.1420023	0	0	ND
1202	563407.7890010	4602836.2868109	0	0	ND
1203	563455.6722422	4602821.8925339	0	0	ND
1204	563501.7318060	4602802.6840851	0	0	ND
1205	563542.5232751	4602773.9474727	0	0	ND
1206	563580.9248863	4602741.9269128	0	0	ND
1207	563619.2460575	4602709.8138893	0	0	ND
1208	563656.2735418	4602676.2138090	0	0	ND
1209	563693.3010262	4602642.6137286	0	0	ND
1210	563730.0363795	4602608.7000457	0	0	ND
1211	563765.4778589	4602573.4386926	0	0	ND
1212	563800.5379119	4602537.7905133	0	0	ND
1213	563837.2160863	4602503.8192768	0	0	ND
1214	563875.4083227	4602471.5493788	0	0	ND
1215	563913.3667003	4602439.0064825	0	0	ND
1216	563951.1081226	4602406.2103693	0	0	ND
1217	563988.8853549	4602373.4555887	0	0	ND
1218	564026.7027011	4602340.7470530	0	0	ND
1219	564064.5196098	4602308.0380113	0	0	ND
1220	564102.3365186	4602275.3289696	0	0	ND
1221	564140.1534274	4602242.6199278	0	0	ND
1222	564179.2164975	4602211.4409474	0	0	ND
1223	564220.4146594	4602183.1407582	0	0	ND
1224	564264.1218084	4602158.9046927	0	0	ND
1225	564309.7422467	4602138.4761190	0	0	ND
1226	564356.2598350	4602120.1995191	0	0	ND
1227	564403.2842349	4602103.2081737	0	0	ND
1228	564450.4062833	4602086.4911639	0	0	ND
1229	564497.5906717	4602069.9492931	0	0	ND
1230	564544.8078506	4602053.5024583	0	0	ND
1231	564592.1536606	4602037.4284334	0	0	ND
1232	564639.4994705	4602021.3544085	0	0	ND
1233	564686.8452805	4602005.2803836	0	0	ND
1234	564734.1910905	4601989.2063587	0	0	ND
1235	564781.4491707	4601972.8765695	0	0	ND
1236	564828.6930394	4601956.5053487	0	0	ND
1237	564875.9369081	4601940.1341280	0	0	ND
1238	564923.1807768	4601923.7629072	0	0	ND
1239	564970.4246455	4601907.3916864	0	0	ND
1240	565017.6685142	4601891.0204656	0	0	ND
1241	565064.9123829	4601874.6492449	0	0	ND
1242	565112.1716423	4601858.3231636	0	0	ND
1243	565159.5762296	4601842.4233175	0	0	ND
1244	565207.2185678	4601827.2770004	0	0	ND
1245	565255.3552508	4601813.7639455	0	0	ND
1246	565304.3995937	4601804.1071919	0	0	ND
1247	565353.7929421	4601796.4466421	0	0	ND
1248	565403.6171325	4601792.6934186	0	0	ND
1249	565453.5995848	4601791.7061828	0	0	ND
1250	565503.5379152	4601794.0751431	0	0	ND
1251	565553.2107359	4601799.5444778	0	0	ND
1252	565602.5882775	4601807.3963840	0	0	ND
1253	565651.4413577	4601818.0285137	0	0	ND
1254	565700.2370051	4601828.9333762	0	0	ND
1255	565748.9312358	4601840.2855518	0	0	ND
1256	565797.4214442	4601852.4597051	0	0	ND
1257	565845.2015082	4601867.0893177	0	0	ND
1258	565892.1059619	4601884.3890910	0	0	ND
1259	565937.4779667	4601905.3471343	0	0	ND
1260	565981.4883918	4601929.0670593	0	0	ND
1261	566024.9799290	4601953.7345722	0	0	ND
1262	566068.4714662	4601978.4020851	0	0	ND
1263	566112.0655418	4602002.8877593	0	0	ND
1264	566155.6792055	4602027.3386968	0	0	ND
1265	566199.2928691	4602051.7896344	0	0	ND
1266	566242.9065327	4602076.2405719	0	0	ND
1267	566286.5201963	4602100.6915094	0	0	ND
1268	566330.1338599	4602125.1424470	0	0	ND
1269	566373.7475235	4602149.5933845	0	0	ND
1270	566417.3611871	4602174.0443221	0	0	ND
1271	566460.9748507	4602198.4952596	0	0	ND
1272	566504.5885143	4602222.9461971	0	0	ND
1273	566548.2021779	4602247.3971347	0	0	ND
1274	566591.8158416	4602271.8480722	0	0	ND
1275	566635.4295052	4602296.2990097	0	0	ND
1276	566679.0431688	4602320.7499473	0	0	ND
1277	566722.6568324	4602345.2008848	0	0	ND
1278	566766.2704960	4602369.6518223	0	0	ND
1279	566809.8841596	4602394.1027599	0	0	ND
1280	566853.5094624	4602418.5328899	0	0	ND
1281	566897.1649998	4602442.9089858	0	0	ND
1282	566940.8205373	4602467.2850816	0	0	ND
1283	566984.4760748	4602491.6611775	0	0	ND
1284	567028.1316122	4602516.0372733	0	0	ND
1285	567071.7871497	4602540.4133692	0	0	ND
1286	567115.4426871	4602564.7894651	0	0	ND
1287	567159.0982246	4602589.1655609	0	0	ND
1288	567202.6924976	4602613.6508048	0	0	ND
1289	567246.2321434	4602638.2333035	0	0	ND
1290	567289.9105028	4602662.5667797	0	0	ND
1291	567333.7303054	4602686.6463333	0	0	ND
1292	567377.5501080	4602710.7258869	0	0	ND
1293	567421.3699106	4602734.8054404	0	0	ND
1294	567465.1897132	4602758.8849940	0	0	ND
1295	567509.0095158	4602782.9645476	0	0	ND
1296	567552.8293184	4602807.0441012	0	0	ND
1297	567596.0520392	4602832.1714547	0	0	ND
1298	567639.1054085	4602857.5959977	0	0	ND
1299	567682.2688460	4602882.8271506	0	0	ND
1300	567726.1138033	4602906.8608712	0	0	ND
1301	567769.7447427	4602931.2809382	0	0	ND
1302	567813.3740859	4602955.7038866	0	0	ND
1303	567857.0034292	4602980.1268350	0	0	ND
1304	567900.6327724	4603004.5497833	0	0	ND
1305	567944.2621157	4603028.9727317	0	0	ND
1306	567987.8914589	4603053.3956801	0	0	ND
1307	568031.5208022	4603077.8186285	0	0	ND
1308	568075.1501454	4603102.2415769	0	0	ND
1309	568118.7944158	4603126.6377961	0	0	ND
1310	568162.4556189	4603151.0037177	0	0	ND
1311	568206.1003434	4603175.3991685	0	0	ND
1312	568249.7450680	4603199.7946194	0	0	ND
1313	568293.3897925	4603224.1900702	0	0	ND
1314	568337.0345170	4603248.5855210	0	0	ND
1315	568380.6792415	4603272.9809719	0	0	ND
1316	568424.3239661	4603297.3764227	0	0	ND
1317	568467.9686906	4603321.7718735	0	0	ND
1318	568511.6134151	4603346.1673244	0	0	ND
1319	568555.2581396	4603370.5627752	0	0	ND
1320	568598.9028641	4603394.9582260	0	0	ND
1321	568642.5475887	4603419.3536769	0	0	ND
1322	568686.1923132	4603443.7491277	0	0	ND
1323	568729.8370377	4603468.1445785	0	0	ND
1324	568773.4817622	4603492.5400294	0	0	ND
1325	568817.1264868	4603516.9354802	0	0	ND
1326	568860.7712113	4603541.3309310	0	0	ND
1327	568904.4159358	4603565.7263819	0	0	ND
1328	568948.0606603	4603590.1218327	0	0	ND
1329	568991.7053848	4603614.5172835	0	0	ND
1330	569035.3501094	4603638.9127344	0	0	ND
1331	569078.9948339	4603663.3081852	0	0	ND
1332	569122.6395584	4603687.7036360	0	0	ND
1333	569166.2842829	4603712.0990869	0	0	ND
1334	569209.9290075	4603736.4945377	0	0	ND
1335	569253.5737320	4603760.8899885	0	0	ND
1336	569297.1904802	4603785.3354093	0	0	ND
1337	569340.8090779	4603809.7775437	0	0	ND
1338	569384.4491658	4603834.1812288	0	0	ND
1339	569428.1212593	4603858.5276504	0	0	ND
1340	569471.7933529	4603882.8740720	0	0	ND
1341	569515.9489420	4603906.3152532	0	0	ND
1342	569560.6946800	4603928.6197703	0	0	ND
1343	569605.9612041	4603949.8415153	0	0	ND
1344	569651.7438399	4603969.9355615	0	0	ND
1345	569697.9046877	4603989.1475271	0	0	ND
1346	569744.7103410	4604006.7324871	0	0	ND
1347	569791.8109543	4604023.5056486	0	0	ND
1348	569838.9879864	4604040.0684877	0	0	ND
1349	569886.1650185	4604056.6313269	0	0	ND
1350	569933.3420507	4604073.1941660	0	0	ND
1351	569980.5190828	4604089.7570051	0	0	ND
1352	570027.6961149	4604106.3198442	0	0	ND
1353	570074.8731470	4604122.8826833	0	0	ND
1354	570122.0501792	4604139.4455225	0	0	ND
1355	570169.2272113	4604156.0083616	0	0	ND
1356	570216.4042434	4604172.5712007	0	0	ND
1357	570263.5812755	4604189.1340398	0	0	ND
1358	570310.7583077	4604205.6968789	0	0	ND
1359	570357.9353398	4604222.2597181	0	0	ND
1360	570405.0865435	4604238.8950505	0	0	ND
1361	570452.0941559	4604255.9312600	0	0	ND
1362	570498.6418844	4604274.1880113	0	0	ND
1363	570544.7424881	4604293.5201997	0	0	ND
1364	570590.3834973	4604313.8928962	0	0	ND
1365	570635.4803872	4604335.4861943	0	0	ND
1366	570679.8592711	4604358.5107473	0	0	ND
1367	570723.7342752	4604382.4831044	0	0	ND
1368	570766.8901820	4604407.7007129	0	0	ND
1369	570809.2636856	4604434.2428717	0	0	ND
1370	570850.9815910	4604461.8018373	0	0	ND
1371	570892.1829917	4604490.1209651	0	0	ND
1372	570933.0598265	4604518.9147905	0	0	ND
1373	570973.9366613	4604547.7086159	0	0	ND
1374	571014.8134961	4604576.5024412	0	0	ND
1375	571055.6903308	4604605.2962666	0	0	ND
1376	571096.5671656	4604634.0900920	0	0	ND
1377	571137.4440004	4604662.8839173	0	0	ND
1378	571178.3208351	4604691.6777427	0	0	ND
1379	571219.1976699	4604720.4715681	0	0	ND
1380	571260.0745047	4604749.2653934	0	0	ND
1381	571300.9513394	4604778.0592188	0	0	ND
1382	571341.8281742	4604806.8530441	0	0	ND
1383	571382.7050090	4604835.6468695	0	0	ND
1384	571423.5818438	4604864.4406949	0	0	ND
1385	571464.4586785	4604893.2345202	0	0	ND
1386	571505.3355133	4604922.0283456	0	0	ND
1387	571546.2123481	4604950.8221710	0	0	ND
1388	571587.0891828	4604979.6159963	0	0	ND
1389	571627.9660176	4605008.4098217	0	0	ND
1390	571668.8428524	4605037.2036471	0	0	ND
1391	571709.7196872	4605065.9974724	0	0	ND
1392	571750.5957335	4605094.7924146	0	0	ND
1393	571791.4319335	4605123.6437672	0	0	ND
1394	571832.3503523	4605152.3784675	0	0	ND
1395	571873.2687711	4605181.1131679	0	0	ND
1396	571914.1871899	4605209.8478682	0	0	ND
1397	571955.0879623	4605238.6076494	0	0	ND
1398	571995.9091489	4605267.4795385	0	0	ND
1399	572036.4004396	4605296.8130581	0	0	ND
1400	572074.9323218	4605328.6143334	0	0	ND
1401	572112.1562073	4605361.9954605	0	0	ND
1402	572149.0072285	4605395.7889841	0	0	ND
1403	572185.8582498	4605429.5825076	0	0	ND
1404	572223.0877156	4605462.9427330	0	0	ND
1405	572261.8918595	4605494.4543189	0	0	ND
1406	572302.1550676	4605524.0973345	0	0	ND
1407	572342.8805140	4605553.1048855	0	0	ND
1408	572383.6974206	4605581.9829285	0	0	ND
1409	572424.6553773	4605610.6612441	0	0	ND
1410	572465.6133340	4605639.3395596	0	0	ND
1411	572506.5712907	4605668.0178752	0	0	ND
1412	572547.5292474	4605696.6961907	0	0	ND
1413	572588.4872041	4605725.3745063	0	0	ND
1414	572629.4451608	4605754.0528218	0	0	ND
1415	572670.4031175	4605782.7311374	0	0	ND
1416	572711.3610742	4605811.4094529	0	0	ND
1417	572752.3190309	4605840.0877685	0	0	ND
1418	572793.2769876	4605868.7660840	0	0	ND
1419	572834.2349443	4605897.4443996	0	0	ND
1420	572875.1929010	4605926.1227151	0	0	ND
1421	572916.1508577	4605954.8010307	0	0	ND
1422	572957.1088144	4605983.4793462	0	0	ND
1423	572998.0667711	4606012.1576618	0	0	ND
1424	573039.0247278	4606040.8359773	0	0	ND
1425	573079.9826845	4606069.5142929	0	0	ND
1426	573120.9406412	4606098.1926084	0	0	ND
1427	573161.8985979	4606126.8709240	0	0	ND
1428	573202.8565547	4606155.5492395	0	0	ND
1429	573243.8145114	4606184.2275551	0	0	ND
1430	573284.7724681	4606212.9058706	0	0	ND
1431	573325.7304248	4606241.5841862	0	0	ND
1432	573366.6883815	4606270.2625017	0	0	ND
1433	573407.7058068	4606298.8521513	0	0	ND
1434	573449.7944680	4606325.8431810	0	0	ND
1435	573492.4912312	4606351.8621435	0	0	ND
1436	573535.8721185	4606376.7216187	0	0	ND
1437	573579.9771765	4606400.2746198	0	0	ND
1438	573624.4699444	4606423.0820664	0	0	ND
1439	573669.3500666	4606445.1122268	0	0	ND
1440	573714.5500681	4606466.4888463	0	0	ND
1441	573759.7500696	4606487.8654658	0	0	ND
1442	573805.0763662	4606508.9724863	0	0	ND
1443	573850.4319077	4606530.0170784	0	0	ND
1444	573895.7874492	4606551.0616705	0	0	ND
1445	573941.1429907	4606572.1062625	0	0	ND
1446	573986.4985322	4606593.1508546	0	0	ND
1447	574031.8540737	4606614.1954467	0	0	ND
1448	574077.2096152	4606635.2400388	0	0	ND
1449	574122.5651567	4606656.2846308	0	0	ND
1450	574167.9206982	4606677.3292229	0	0	ND
1451	574213.2762396	4606698.3738150	0	0	ND
1452	574258.6317811	4606719.4184071	0	0	ND
1453	574303.9873226	4606740.4629991	0	0	ND
1454	574349.3428641	4606761.5075912	0	0	ND
1455	574394.6984056	4606782.5521833	0	0	ND
1456	574440.0539471	4606803.5967754	0	0	ND
1457	574485.4094886	4606824.6413674	0	0	ND
1458	574530.7650301	4606845.6859595	0	0	ND
1459	574576.1205716	4606866.7305516	0	0	ND
1460	574621.4761131	4606887.7751437	0	0	ND
1461	574666.8316546	4606908.8197357	0	0	ND
1462	574712.1871961	4606929.8643278	0	0	ND
1463	574757.5427376	4606950.9089199	0	0	ND
1464	574802.9259134	4606971.8938254	0	0	ND
1465	574848.3160969	4606992.8635951	0	0	ND
1466	574893.7062804	4607013.8333647	0	0	ND
1467	574939.0964639	4607034.8031344	0	0	ND
1468	574984.4866474	4607055.7729041	0	0	ND
1469	575029.8768310	4607076.7426738	0	0	ND
1470	575075.2670145	4607097.7124435	0	0	ND
1471	575120.6571980	4607118.6822132	0	0	ND
1472	575166.0473815	4607139.6519828	0	0	ND
1473	575211.4263687	4607160.6459290	0	0	ND
1474	575256.7777673	4607181.6994475	0	0	ND
1475	575302.1291659	4607202.7529661	0	0	ND
1476	575346.9082003	4607224.9555635	0	0	ND
1477	575390.7463775	4607248.9971990	0	0	ND
1478	575433.7721583	4607274.4420398	0	0	ND
1479	575476.2594947	4607300.8015967	0	0	ND
1480	575518.7468312	4607327.1611537	0	0	ND
1481	575561.4553920	4607353.1481615	0	0	ND
1482	575606.0410298	4607375.4899914	0	0	ND
1483	575654.0453503	4607389.3077909	0	0	ND
1484	575702.7843468	4607400.4649850	0	0	ND
1485	575751.4198756	4607412.0240815	0	0	ND
1486	575798.8814974	4607427.6141011	0	0	ND
1487	575843.8467175	4607449.3255126	0	0	ND
1488	575886.1375414	4607475.9593379	0	0	ND
1489	575927.2624414	4607504.3977349	0	0	ND
1490	575968.3974563	4607532.8215022	0	0	ND
1491	576010.3851379	4607559.9511655	0	0	ND
1492	576054.2074396	4607583.9409977	0	0	ND
1493	576100.3135026	4607603.2744548	0	0	ND
1494	576146.9861638	4607621.1974878	0	0	ND
1495	576193.4419812	4607639.5948454	0	0	ND
1496	576238.9918576	4607660.2132747	0	0	ND
1497	576283.2444846	4607683.4639331	0	0	ND
1498	576326.5935877	4607708.3098371	0	0	ND
1499	576373.0345878	4607726.7186059	1	0	ND
1500	576374.9126088	4607727.4063828	0	0	ND
